10
230001100
30022000
10030111
101012011
11000401
11111020
310003000
30112000
10111030
320002
100011112
320100010
101100010
12010120
10032001
100111012
2210110
213001000
221000020
102002101
100010320
20014
120031
101000002
10100311
22100110
113010001
10112011
113000011
201001102
101100310
10000222
1121011
10000012
320000101
102210100
201000202
13100101
110120101
120202000
20101030
114000010
111030010
10101001
101104
20300020
230100001
120000112
211020100
14000002
100300000
200020021
2211010
210001
110010004
1101031
200002111
110001103
101010130
130111
10402000
212011
10021
320001100
300020101
20000014
201002002
2311
100300003
110300002
400110001
200110102
212200
100032010
112000021
11130001
12111010
32010010
132000001
100041100
103210000
103000021
100200004
21000010
20100121
10000201
1000321
100132
220001011
4003
1300021
32200000
212101000
10300000
20002000
120002200
12030100
2110210
30000130
20110000
2101030
11101111
10211101
12010210
110202001
201020011
4100200
100202110
20410
11130010
3001021
11031100
1130110
120220000
2300110
301001200
103110001
3102010
11121001
140002000
212100010
101013001
11102011
10100122
2010013
1111000
204010
401002
100000312
10123
130000102
20002201
202001011
1201000
33001000
110031010
211010002
203100001
2211100
3012010
10303
100001104
22111000
30010300
200030200
20031010
202020001
110210020
200000104
120102100
200202001
20011
101021101
131101000
10114000
202021000
100002202
11320
212001100
10000003
1030300
22021
13001200
1202020
1002400
30101110
300010300
403000
110120200
1211002
211110001
11221000
101121100
200112100
100110022
300020020
310001011
41000101
102010000
11101201
21000211
110041000
210121000
30011110
311010001
102020101
12102100
1210210
200200000
120031000
200012020
1012111
22200001
11003200
110014
21000400
200003110
131100100
300101200
3030001
4300
12001021
10110013
1000033
111000004
11000110
20001031
1121020
10023001
4001101
1301011
1200001
121000012
10021120
110011021
131010001
10141
100000042
102112
10102120
100111102
40
12002011
302110000
40102000
21111010
102000211
100203010
10410001
10020001
10131001
120210100
210002002
111010000
301002100
201112
10001302
101020021
10003102
20001010
200100100
100100101
110011
21300010
110002030
20000023
3103000
101001010
100100104
1140010
13002010
21201001
203010100
200011102
211021000
101031010
100010032
112100101
4120
111211000
113011
11010004
100213
200012110
11230000
10202110
1001302
100210
200110021
110010001
200000110
202001020
232000
33001
111020200
200200300
110301100
101210020
30310
1201102
402001
20031100
102201010
113010010
12000100
2001001
331000000
311110000
11201110
10100110
3100012
20300011
20030002
211011010
133000
100030
2301010
1112002
100011301
410000011
103000000
221000101
300001111
30110011
110100004
1011202
13012
212020
22000201
110200021
202030000
300130000
110000212
101001013
111001030
110102002
100001212
34
410010001
110030101
121110001
102011011
30010
11002
31001011
21101020
1000222
311110
200221
20203000
200000041
120101011
102002011
1112110
100002022
4102000
101004010
104110
401200000
100000030
302010001
202010110
201001300
101101012
10001101
40110010
121001002
1000210
131011000
130010101
110012200
10213
110101021
12110110
11210110
22001011
1101301
201310
100000132
22
211000111
20112100
2140000
100102003
200200201
1200103
2020021
210022
400020100
10111000
22200010
110112001
11040010
201010000
3300001
11300101
11011030
1020100
1030012
120010300
111013000
300120001
100101400
12102010
20103010
100001221
102103000
202002010
100040011
100010104
101000122
40201
21002020
40000000
40000111
112111000
120021100
300110002
1240000
11120200
114010
11311
11000041
20121001
10012120
10001212
140000200
11032000
101102101
112011010
20120200
120130000
100013101
1401001
1041001
100201
221000110
100300300
20020300
200010211
23100100
100212100
32110
101302
200000302
10011103
110001100
102110200
101101000
110100100
130030
430
10310020
11310001
40021
110002021
420001
411000001
221001010
100000114
101300002
102111001
100120210
23010100
200100010
100020031
3004
1120120
1203100
210111010
202100101
101311
120211
21000202
101010202
20003110
302100010
101001130
2002120
11130100
3010210
100302001
111200002
1103110
110010202
102100003
103101100
211000210
320101000
300100111
120111001
300102100
300010201
11101210
110032
1010140
120001
202102
2201110
101010100
200201101
1110022
1132
201110110
101100211
100110112
10210
3002110
2111002
103300
203110000
122010100
110311000
111110011
3111100
11103001
10110103
40000102
100201021
110040100
120000220
3004000
202002100
3110020
100040002
113200
13
212010100
310010101
121110010
110000113
400111
120100201
110203000
12020110
10022011
1230001
301002001
300004
10130002
200002201
10101121
2001310
200100220
1111120
12000202
211120000
201121000
20001220
1021021
102010003
212010010
10040101
30211000
300000010
311010010
31100110
102101110
10030201
101010022
1101220
110221
31003000
101301100
202010011
100201012
140011
22010101
10010110
10010011
2010220
200301010
1311100
111011020
10200022
220110010
102111100
100010140
12210100
13010200
2010103
430000
100321000
320020000
20000020
3220000
102020020
101002111
112101001
121011001
400021
11000023
100012012
20012020
121120
101014
2102002
110200300
320010010
120000310
31101010
2300020
30020002
220
102100102
20301010
102001
23100010
102010012
11031001
211003000
300004000
310003
100001101
10121200
200113000
210000211
20020
13000201
11030011
111012100
11101012
200211100
300021100
110021110
102100300
2110000
100102102
10320100
301201000
2000011
1002010
141100000
110111200
102220000
41002
10101211
220000120
200002
100110004
20100400
310300000
31101100
200010112
110100301
21011101
10110400
201100012
312000010
202001110
301011010
3200200
100113010
302002
12000310
101100022
12000040
41001001
211300000
32011000
400100101
110000311
102000400
12000130
220010011
100200400
23011
100011040
100000402
10100032
11011111
212020000
410001001
300000103
4012000
200020012
301000030
110130001
100041001
1201300
1010311
210400000
30000013
103100101
2113000
102000100
40101001
10000210
110111101
3002011
100130200
2002
111031
11010130
10310101
1320010
3301000
201030010
301020001
131020
101100301
111001210
13002100
20210101
20010100
200000221
3400000
100020103
100003012
10000042
10111021
21012001
120000013
201220000
2001211
10213000
100101001
101001310
301000012
40300
11111011
11000104
21000103
2102200
101300110
102011101
12111100
1122100
10210030
10110112
100210012
202120000
3000400
101102020
22020100
20011012
22110001
120020101
1011103
1310002
11011300
10201111
12010
10010221
1004002
320100001
200301100
2021200
111030100
11101030
11012011
11020102
10011100
201030100
300103
100410010
10401010
120201001
11220001
201004
101122000
110100211
110113
10220101
20001022
101300011
100310101
110201002
121020010
10020040
100103011
111310
1122001
401000011
210004000
20221000
3100111
102001003
110200120
200400010
100210201
104002
100011001
1201
31000102
10121002
111010021
201120100
2003110
400030
100400002
4000
1031002
111021001
114010000
203000101
110302000
100301101
100200211
110040010
11040001
211100101
2000311
100121110
1042000
1100203
301001110
124000
20110
110201020
2002012
300000130
1114000
122002
210031
10301002
3210001
310030000
23101000
300001012
111121000
2000140
320110000
21100111
2000203
100311010
200102200
302011
200023
10120300
10030003
10011130
101300200
321010
200120110
201100210
120120010
110004010
120000211
1300000
21100
21030010
32100001
21102010
20011021
100033000
210010003
220000210
201021010
13200100
100022011
321001000
211102000
400000021
101002003
200013010
31000030
200003200
130000201
100021021
1000
113001001
10010401
14002000
103101001
200020
100201102
31102
202011001
10100023
10020310
410001010
201130000
110002003
201210100
3201010
10110220
10000312
4200001
2201011
1033000
1111030
3101002
111020110
111100021
2040001
302101000
100330000
30201100
2002030
110012101
141000010
100211020
311100100
100401100
200010040
3021010
1040110
13001011
22000030
200110111
2031100
101100103
1000132
10012
221002000
21010111
201001012
311200
1003201
20000203
2002300
10103110
12001012
10203001
11203000
10330
1130200
100020013
112000102
11011000
31020001
20002021
302020000
200000401
20010103
200000101
2010400
331
21001021
401110000
101021110
2001121
100202200
13003
310101001
200110000
210102100
100222
100020040
101100013
112000210
310120000
110003011
30010201
200121010
22003
20010202
110002012
2010112
1004011
300100201
10100131
12112
110220100
10311001
21000220
10020112
1102201
210202000
111130
100121002
3121
1110031
130210000
130102000
201010201
200021101
100010410
210001012
3011002
331000
100001320
410000110
23110000
111112000
20011000
401001001
110140
20120020
20020120
100012201
2120110
213010
401002000
112000300
400010101
102101020
101011000
1002031
1000240
12000022
11310010
2101021
10122100
100002220
104000200
301111
2120200
402100000
203001010
3003001
100000231
1110004
10100104
10111003
200000014
211100110
20000101
10400110
12101011
20022001
100200022
1132000
11000230
230000002
120101110
30000112
1300003
2002111
11000200
10120
201021001
11003020
421
203100010
201010102
12100000
100010041
1131100
2013010
220120000
130100011
200110030
300011011
100121011
112201000
100010011
420000001
310100020
100111003
200101000
1001113
12120001
103021
201022
30000010
13201000
300310
1401010
100111210
3011020
100213000
1014010
10300111
31010020
121100110
102300010
103010110
110100022
101100001
11000212
32101000
200041000
3022000
100203001
11113
2010001
1001101
1101001
211001110
210020002
130001020
102111010
21022000
110111110
130000111
101030101
100132000
10021201
310100200
110120110
200103001
112020100
302002000
303000001
401011000
100230010
200103100
2023
2041
2100001
310001020
301101010
102000001
111031000
12220
1100020
121200001
110110102
212011000
100011013
110102020
11002111
11000302
20310010
2001301
210201010
1000111
111030001
100102
1210021
13120
200001004
1102120
310110001
100011100
301011001
1022200
310201
10040110
110000200
1100131
11002120
20021020
21200020
110031001
2001022
103300000
102301000
100210111
210211
21040
101101201
311001010
2203000
200130010
1400101
1110100
101101102
10011040
1101004
211110010
121010011
300102010
201000004
31111
400201000
310010020
310002100
200311
2200201
102110020
310300
130201
221020000
10303000
400101100
30001111
210000100
310000111
110000131
1141
11013001
100402
120021010
10003030
110003110
30120100
11112100
100210102
300002110
1030111
4201
42001
210010021
1200100
210110002
4011100
1013011
10300021
10022101
200031001
10104100
121000210
10330000
120200200
210200020
3001201
100202020
4000000
111200011
1011121
1001023
10100320
130000300
231000001
201301000
100002121
1012000
1402000
200010202
110021101
3001
111001120
40001020
400011001
2300011
313000
111001300
1103020
10010230
101001301
201000103
320101
100201030
230000110
203011000
202011100
141001000
1000303
310120
10202200
1011001
122100001
10200130
20100040
10030012
400010011
110104000
110000104
30012010
21000112
30001300
102002110
23002
2201101
1300
100000120
32010001
120103000
120020002
300000211
30101011
23110
1102012
10014001
302001100
200120020
210400
200113
10022002
200300200
300100021
111020020
111020101
111201001
120100210
210301
40000030
33010000
300101011
201120010
20002012
12001
230020000
302000200
1000000
1211200
1011310
201001
103001200
1121101
11001100
112000201
10001230
120000031
300001120
42010000
401000110
202000111
120300001
300002011
400000102
1002100
101011120
11001112
11012200
20211001
2010310
100114000
200014000
111101110
31000210
203000002
110300200
103000120
100020400
1101310
1121110
100001200
1220002
210200200
111111010
20011210
100200031
122200
121002010
10210201
11010001
1002112
240000100
210120010
1112200
120010012
1010221
133000000
111110002
121010110
2001130
3211
210002200
131010010
100102030
21200011
110101003
101001121
100301020
20101120
1022002
30000301
10000114
40000210
10200013
10002010
1000300
100220011
21020101
400012
12002101
10000120
120120100
10022200
111020011
1201030
112001020
100011211
100020121
10100230
10010104
32000101
201013000
11104
10101112
110110210
130110100
200131000
110003020
300220
12120100
121210
220001020
202200100
102201100
1411
1211020
11010220
11010031
103030000
110011201
20002120
100030021
210120001
101011021
1201120
1020013
300030010
210002101
101310100
11211100
112010020
301100101
100302100
100031002
311002000
310210000
120003100
300110200
110011300
4021
21201010
10011310
22101010
120200011
204000010
13100020
2112010
11212000
201020200
101101120
20130001
120012001
130101001
3111001
201103
11401
20101012
240010000
210001111
110111002
103020010
22201
110021020
22000300
302001010
40100020
100002103
100003201
140001100
100031110
400000201
410110
100010311
3103
112110010
1021210
130020100
20030011
200110300
300100120
100010023
102211
103120
21102001
11010013
12201010
10023100
210202
220210000
20410000
301020100
100004002
110102011
120310
40011100
20021110
1003000
200120101
11010400
2011120
1201201
1211110
100101010
10030021
111040000
20010400
31201000
11121100
110101111
210220
13000210
12001120
101010400
101103100
10201120
303001000
114100000
300100003
220001200
121100200
100312
20302000
12100003
100402000
122100100
2010010
21012100
20120101
210100111
20000410
3101011
1402
11011201
101001103
10231000
11100013
320100100
200040100
103100011
103012000
2030020
13020010
12101200
110200210
11010310
1000042
101011300
211200001
200010004
120310000
100411000
210201100
221010010
200111002
2120011
101310001
2130010
102100120
120111100
101040100
101000410
2011000
2002210
210040
204100
20203
10040200
10010041
113110000
200011030
1003111
100300102
30120010
21310000
301200100
100220110
200202100
4000210
13100002
10131010
100002100
10041001
2210101
202003000
122110000
121111000
10301110
31110001
1204
110040001
30021001
201010210
102001201
221110
230110
100103101
1301110
211102
100011010
221200000
30010111
110001040
200011000
3211000
10122010
11020210
301000000
100030030
200001040
210100210
12200101
101022010
110001400
120001120
220111
101020120
1102
21001210
2301001
1001320
400000030
20211100
201011002
1310011
212101
100030111
100100140
10104010
2000230
211000
100110202
40111000
212000020
100301110
20200111
30100111
1010032
110122
3200110
13011010
303000100
300200110
41100100
200111020
200010100
321000010
30310000
220002010
2000014
101210200
122002000
410100100
200011120
103010200
3011011
11040100
33100000
121000003
302000101
200021110
230001001
11100004
11011021
1111012
110013010
10002103
200000140
40110100
200101111
102030001
2111200
1002022
212000200
300400000
130120000
110100220
12300100
1110010
12101002
10200202
231100000
30000121
3300100
101030020
100102120
20001001
1230010
2021011
11010121
20110030
4201000
100112101
112
12110101
110320000
310010200
20001211
201210010
101010040
110010010
1301002
10000141
102013000
1012120
112021
110013001
2031010
101001211
20210011
120220
100000411
201010111
101030110
2000041
110004001
101120110
1030
21010300
201001030
103000102
220000
10003
30012001
200003101
120110011
201001120
200102011
22100011
402010
10030102
10000330
101110030
20212000
200014
22001101
1010203
13002001
20301001
410011000
4000003
101003110
21220
1104100
10101022
1102102
1210201
100000000
2110030
210130
100030210
1211011
200310100
20030110
120001030
301030
22030
1100122
2120101
10201012
210301000
30013000
103200100
1120000
3202
1200211
201110011
102101011
100100110
12001102
20102020
34000
12000001
303010000
210111100
120201010
2030110
300010
1001140
100210000
200210020
40300000
110002000
101113000
300110101
3000031
1030102
12400
10111201
112201
31000120
2202001
212001001
10013101
101031001
200302000
20310100
30030001
100221100
3010
400120
100400101
1102000
221101
131000011
130001002
10000033
400000012
210000121
11021011
1011022
1202101
210000103
31110010
2001010
21000310
10220200
200011111
200001100
3010030
130100002
30201010
110300110
130020001
30000100
100210003
101112001
100110100
100031200
11001121
320002000
220021000
10031110
401020
101220100
40000201
20101111
103001002
102101200
411100000
211030000
400210000
130200010
20003002
241000
312100
42000001
101040001
101103001
112001101
40030000
120030010
21103000
11131000
100030012
10002121
130000003
22000003
12040000
10111102
1311001
300010111
10100113
110001004
2020012
110023000
120010030
41010100
2000113
2101000
21220000
300100
100002310
20210110
2310001
120010003
100111030
120011101
100030201
100140001
13102
322
210100102
400020010
210120100
11031010
132100
41011
10003021
101200021
120010111
104002000
200100103
21010120
310110010
300011020
101401
10030120
10013002
110010040
20010022
100012210
111002200
2121010
22010020
21000040
2010040
13011001
110011210
4000111
100101121
211020001
11210020
12103000
1013101
12201100
21002002
12001201
1023010
10030300
100001032
1114
1010023
2220010
30020200
200202010
20102011
10200040
21120001
2230000
400
10301101
302010100
311000101
130020010
30010003
20111101
103102000
21002011
20010121
13003000
400200100
220001002
200101300
111220000
400030000
22300000
20001013
301000120
121000102
210100
12003010
2022001
120300100
41020000
21100300
301100200
103000210
204000001
1001221
301300
20023
12001030
1020010
120020200
120001012
200001202
100002211
12110011
112011100
101011102
11310100
21031000
31001020
21030100
21011200
10120102
210003010
310001101
300100102
11020030
1020103
1210120
1002001
10210021
100130101
10201102
110012011
2004001
103002010
2001220
1001122
320001010
30020020
220020001
310010002
20004010
101122
310111000
100003030
110000401
100100302
1210111
11104000
1220200
10010014
200203000
210003100
200004010
10001140
104000110
411001000
311100010
300011101
101011210
2200
100202011
3013
10211200
112000111
120002101
2200300
2001400
200201002
111000112
2013100
21100012
200110012
10021210
10001020
113011000
130110010
21100003
121100101
10102030
20100220
10004101
410000200
200200120
21020020
12030001
110301001
3120010
20111200
300000004
100013200
121200010
10302010
11010100
120000301
200011003
101104000
111202000
100000021
130001101
40000120
10010101
110221000
30001
20201101
1201210
400300
11010112
2103001
410000101
300000013
21110110
31010110
200021200
1000102
11200201
301300000
400010002
111000310
20120002
213001
10401100
100102201
10300012
101001202
101000302
1002220
303001
22000000
221100100
20110111
111110101
201001003
10211011
22020010
10010032
100104010
301210
101221
1040200
104011
210004
210211000
300200011
102200002
4012
100001011
212200000
310100011
110021200
11020000
3220
200110
140101
112300
201040000
30002020
200122000
2112100
1310101
11000014
1100014
13200001
1121002
100021
240100000
300003100
20000302
200000113
100311001
121120000
10014100
2401000
11001103
2221
101010310
101020201
10030000
300000100
200001121
23020
21013
40110001
10202002
10002202
1001041
301100020
201000013
101000110
211000300
311000020
11410000
220100110
31100020
11001013
12020101
21004
13010020
130000012
100301011
100100002
100022002
1012003
10300210
11200120
10004110
300000121
130003
100110013
21020002
1012201
101020111
100101103
3040
20100310
11021002
202012000
100110040
110110012
302000020
30100030
30000400
110001130
4000030
10031020
2100130
300100030
21110002
103100110
304000
11100130
122101000
20300110
400020001
102040000
3000112
21000022
12012010
140110000
200030002
101302000
111102010
1221010
112012
1100110
120100003
31210000
121100020
200002012
11201020
20121010
20013001
210021001
12100201
131002000
2003200
104100100
10420
1200031
312001
230200000
100102000
1410010
100023001
20202100
221000200
200320000
11020003
11021110
101220001
221110000
120003010
201020110
2110300
301000021
12000400
2100040
30022
101002201
4200100
203000110
102021100
102110110
101211010
31012
1141000
110103010
1024
131110000
113200000
303100000
200300020
110000203
21001111
12000013
11010040
120112
110100031
1300102
110000230
30000001
101201110
100231000
141010
101300020
10103200
11211001
130001110
121003000
120040000
111010030
210010210
11210011
12020200
21010012
12020011
10102012
4110001
101210011
101320
102103
10312000
122100010
101100112
10220110
400011100
40001110
130010002
13000
111101020
20100022
1000231
12031
100312000
10102111
101001022
211000003
11110300
121010020
21011110
200022100
1001011
130012000
210020020
20014000
22000210
2200120
100001230
210020110
210001000
20111020
2200003
31210
102020200
2002000
101120002
30301
101110201
40010002
10120012
100
31000012
10111012
12201001
110201200
10400020
10120003
2122
100000213
100101301
102121
110000020
14000200
10411
100120120
11001010
10011220
4001200
2013001
20311000
211101100
110000101
14101000
100211110
1102021
201012010
2011201
111120010
400000300
212000101
20002300
400002010
300011200
111000130
11000032
120100021
1300120
310102000
200140000
1320100
11014
10110100
300103000
41020
2010301
132001000
300020110
100110301
111202
101100100
200100211
200012101
420000100
13030000
210100000
302101
200100400
3100
110100121
1021
210110101
3000100
101001100
310102
100023100
2201002
313000000
231001000
221010001
1300300
10020301
110001022
301120000
210003001
201101110
3000004
20130010
40001200
40000021
13021000
23001010
20200300
110211100
120110200
102130000
11002201
10101010
10010311
1030120
220100101
102031000
10132000
10013020
31010101
2210011
1003102
3020101
210103
211101001
20200012
11012020
100114
1120300
10021012
30300100
30002200
20002003
100130020
100100401
120004
103012
300301
14101
10103011
213000010
100014100
200000203
201003010
4010101
120001003
40003
2110
10001320
20122
21011011
411001
110311
31200001
120101002
20002210
103011001
103111
11300002
12021100
221011
1020220
120110110
30110101
202101010
300211
110211001
123100000
120030001
104001010
1011130
200320
21001
310201000
300200101
30040000
401100100
4020100
20001103
12400000
102030010
211120
20311
30100102
310002001
201300100
3030010
1030003
200100031
10023010
202020100
301120
111100210
100000024
13300000
220100020
110301010
10011400
100120111
202110001
40012
400100002
121011010
10001110
20001121
3300010
11000101
10040011
2310010
20121100
102010300
100020001
1040011
11212
1002121
12102001
310001110
301200010
1000411
2012200
1300210
2140
11122
10100041
311010100
12130000
2003011
102010120
32101
30201001
20040010
220000000
1220110
10200211
21100021
140000002
11110003
202100002
11002000
1010230
2202010
1110001
101202010
20031001
31102000
121012000
110002120
2000302
202300
104000011
100100212
22201000
40001101
10020010
140020000
310000030
102021010
100420000
10200103
10020022
2020030
100201000
302200
200020102
10013011
112021000
220300000
30130000
300120100
301001101
2000020
20320
140110
2210002
22030000
210011200
200212000
201002011
203200
102010
310001200
201110002
3102100
200102020
20032
110020210
10011301
123010000
201100111
3012100
1021201
20020012
1020301
230000011
300001021
101100130
1100104
1200040
1022011
20001130
100010230
11102110
20100211
2100103
100330
101023
20010013
411000010
300030100
301110100
20000131
120101101
202102000
4100020
20101
112020001
410020000
230101
300130
311020
22101100
10002031
130010200
110030002
2011210
100103002
111002002
30002110
2110003
312010
120210010
2101201
1300111
11302
10111120
2130100
1200121
311000110
201000310
200020201
11201011
3000040
10121110
10101202
200201110
130021000
110002111
300101002
210110011
1001311
31011001
20101201
2101210
41110000
221010100
201100
30202
110101210
100200010
212110
110130010
23000110
210112000
300000301
210010201
101032000
11001202
400001011
11220010
1210
1101211
101020012
20013100
12100300
100400110
101113
1010410
110020111
220002001
20003011
2000101
110020102
330100000
110100112
101201101
121000111
220011001
100201003
100300021
200100022
11300200
100021210
3130
112300000
301003000
300101110
30111001
200000011
22101001
110310001
10110040
110010022
121030000
400012000
110000023
202200010
3000013
402000010
401000101
30102100
111011002
10024000
132001
213000100
400200010
210102010
42100
110210101
14100010
101000221
200001031
400300000
400100020
300200002
112210000
104000101
110230
10110301
101221000
20011201
3400
40001002
4000201
1002301
220100200
2020300
102020011
100111201
100010221
211
22100002
21001300
310000102
20111002
231100
100100041
222100
120102001
10030210
10010410
1100011
1200130
311101000
121101010
101030002
1410100
11000020
41002000
201011020
200210200
200100202
12111001
2103010
31000000
203200000
200010400
201111100
330010
1023100
210100201
101201002
30110020
2001100
101000011
111300001
100004101
21201100
30220000
201103000
14001010
110210200
100120030
412000
1310020
22003000
130002010
40100200
210000040
3100003
100012120
1014001
300013000
101200210
202201
30010030
2032
31200100
1002004
100131001
30100210
220210
30003100
101111020
100100221
11011003
120013
11301001
30200110
300000040
112100020
3022
21210010
140100001
104010001
202021
111010300
101003011
102110002
100201120
11311000
1011100
130300
100110010
101202001
202300000
301100110
100130002
211012
111004
21004000
10012102
131000020
101041000
100140100
100102111
10101040
1200022
210013
201200200
102020110
200110210
31000
113110
304
111040
30100003
20000104
200201200
12310000
101110
110210110
22012
100101211
2210020
21001201
120100111
300112000
111010003
103100200
212100100
3010021
101000104
12011011
2100022
1030021
30200101
10011211
4030
40011010
110022001
100100122
100010401
100010122
400100110
103110010
2212000
211200100
310210
14011
1020001
1400110
22001020
20100112
30200002
300111001
100001113
20010211
1111300
1301020
210121
10010113
12100102
100204000
11400100
100101040
200004001
21001000
1131001
1021012
113000002
120002002
102003010
211001200
2012002
20110120
130100110
102001000
103001011
100100014
21200101
300022
111002110
10103101
300010003
30101200
102000004
101011201
100301002
130120
120130
1010110
1011220
100012021
2100202
310011100
31100101
100111111
101211001
21011002
212000011
310010110
201200020
1213
10000021
3010120
2101111
230011
311000002
10003000
1400002
101100202
1003120
101030200
101003200
101013100
33000010
230100100
300030001
110001211
200001211
101000023
100000321
22200100
10100410
110022010
21200002
13001101
21000031
401001010
400000210
202110010
300012001
100002301
10020013
220010101
100001014
1020400
40002001
10200031
2410000
20400001
2202100
3201001
114000100
102201001
200001103
300000112
301100011
30101101
201000220
3040000
101001040
141100
32001010
10411000
201112000
120000001
4003000
1021000
40200010
10012300
301000
201210001
22000
100110220
10101013
20010112
120121
220000021
120010102
3001111
30013
11022100
100021000
22110100
1111003
20140
100002010
100001002
22021000
3003010
101000320
10310002
10300120
23010010
20110201
10013200
20030101
100000303
300001210
120010201
10100002
11022010
2110021
103200001
33100
120100012
110201110
210200011
30001000
120001300
110003101
210110200
3002200
101102200
111002020
2101012
121201
110010220
11012101
121011100
21130000
100303
200002021
102120001
13000000
122110
20100100
311001001
120021001
310020010
301101100
20011111
101010211
1130020
101004100
1021111
140010010
221000002
220200100
130011001
101300101
103020001
1000123
11002003
100110031
21003010
10110202
100013020
111022000
20230
130010011
110110030
110101030
102100000
102022000
2022010
1140100
131011
110211010
112001011
4001002
10000000
1002130
10102300
11002210
11021101
110300101
103020100
201001210
13101100
100401001
2100400
102100210
121010200
3201100
2010130
121102
12001111
30000220
210000310
202000102
100010014
204000100
100020022
101021020
20100103
2032000
1110301
112010011
21000004
110220010
33000100
31111000
111111100
213100
14020
20100130
10003201
1100041
121002100
110001121
202011010
200100130
1104010
1110310
12003100
2200021
24001
121300000
100000300
201200101
2030011
111000010
110100130
20103100
10110310
230001010
130101100
130010110
20101300
100310002
1020202
201110200
201002101
300201001
20010031
200012002
10102003
103
340000000
20200030
110001010
101102110
2000212
11000410
301030000
200003020
100033
11301010
10110121
330100
121300
11032
1123
11000140
101140
100011031
1200310
100001410
120101020
100011130
202003
10400200
111000121
100000
11000131
300121000
210000010
104200000
201020002
112110100
410100001
201202000
1110112
1010101
21111100
10110022
111301000
1312000
24001000
320200000
34000000
120011110
40100110
30011011
2020111
200101210
11221
12121000
11110201
21111001
2121001
300002101
201021100
2000104
201102001
1
1001002
120301
20300101
210000031
100000012
10100140
1001203
120301000
1410001
10111
200001301
200220100
200010010
10101301
10311010
110030020
41000020
42010
1204000
120103
111003010
11010103
22010110
401101000
221001100
131000110
300210100
11300020
10000420
240010
101131000
103000012
100100311
113001100
120013000
120020110
201100003
10002220
1020130
20001301
230010100
210030010
300001102
310111
110320
10100401
301010011
110212000
112100011
4111
111000400
200020210
21001012
101140000
10001221
101200111
101003020
200110201
101020
1022110
12020002
322000000
310012000
103001020
1221100
11120101
2011021
120011002
10000
10030
101110021
10040020
123000010
111011200
4
12200011
100003021
10102201
4001011
240000010
20104000
100112110
3002020
202000210
401000020
110000140
1120111
10012111
21021001
110121010
110100010
40010200
300201010
120000040
21100030
210110110
101000212
10020220
10100101
20010310
10002211
120000103
320110
111200020
1113010
12010000
120002020
21110200
202100011
100110310
101022001
400111000
3000103
102000103
100221010
31001200
130111000
12000211
2102020
1000213
11202001
110000002
101030011
100022101
12000031
400010020
30011020
200032
110201101
21001030
12000103
21101011
40001011
120201100
1000141
4021000
100201201
101010112
20140000
110102200
11001001
131001100
2004100
10012003
20020021
1101022
1302100
401010100
2011300
3111010
112100110
10002100
100002031
1010002
10021111
1200220
11131
203000020
40201000
101301010
11120020
100101202
41000002
2001040
11023000
230000101
312010000
122000200
13001110
120000121
11103010
11011102
10000213
2001202
103111000
110113000
100010110
120022
103011010
104010010
30120001
240001
212002000
3010300
1101400
12001000
21100120
120022000
200120011
10210111
220102
12301
1020031
111100030
202101100
100030120
100002013
1021120
13010110
100420
220000102
101110300
20011300
21010003
100121200
20000320
21110020
40120
11001301
300010021
100010002
10140100
120002110
20010130
210101101
3010102
100301200
11121010
110002
2120002
10010131
112030
110110
21100000
201003100
300202
211111
100032001
100211011
13111
13210
122000110
20300002
221100010
3011200
200211001
112102
13020100
2100010
221000011
11110111
100022200
114100
100000204
1110220
42001000
21020011
201000010
102110011
102010201
10400002
2113
2100031
100103110
11200030
11000122
110012002
1200202
200000230
3001210
20101021
110010301
300001003
111100111
103002100
112101010
10102102
320000002
110001310
112100200
2012011
11002012
2101
101002
1001014
200200111
4001110
201022000
102000130
211020010
113101000
100120300
1004020
11200210
102101101
1101010
20201002
301102
11111101
10301011
101010121
11012110
20100004
320010100
1300030
101014000
200100013
31030
10031200
2200102
120200020
110010400
10101031
2130001
101002102
110112100
101130001
20100031
20022010
20010301
400120000
2200000
100101112
211000102
40011001
200041
10001203
400000003
202111000
120110101
201001201
201001021
21202000
10113100
11201200
131020000
112000003
120112000
2000032
2102110
10301020
400000
303010
141001
430000000
402010000
301010110
2000410
104100010
1101013
10020121
1000021
101010001
120100
30102001
21211000
121101100
2000320
111100
102400
121200100
10100011
20010004
130000030
20000230
110011111
100410100
100121101
102000220
102000301
13210000
32001100
30400000
30020011
110011102
4111000
100120000
100010131
111011011
1000312
420000010
110000221
2001112
101032
100102021
41101
1002202
102022
121000300
122011000
2010100
100111120
301201
202012
3001000
2020
1101100
1200112
101012101
300220000
220010110
103101010
101000401
101210002
11101003
410010010
20001040
41000110
40030
100013110
10200100
20001004
132100000
100400020
131002
100000201
201100201
110001001
31030000
231000010
210001120
101101030
10102000
20012101
10010203
200020003
30002011
102210010
111011101
10101220
1011010
130001200
102003001
100001020
12103
1110121
1001200
210000130
203010010
1111
10211002
10004020
11020111
20020102
410000002
113000020
401001100
102001120
100021012
31201
112012000
11101
120030100
201100000
201110101
4000300
110400100
21020110
12002002
11001031
41110
32020000
402001000
401100001
200220001
300100210
11011012
2101102
120020011
112003
11100400
22001002
12010102
20021011
20004001
2012020
220111000
23001100
202120
10211020
40020001
100123
10024
330000001
200000320
24100
11100103
110002102
1210300
100200001
12030010
1002040
212000110
220010002
110000122
11100220
10100020
200010022
111101200
1012030
311011000
10111111
2030002
3121000
211300
11000311
110101012
30040
10120000
411000100
40120000
21112000
201201100
12211000
102100201
130201000
210300010
101111101
200010301
1120102
100003300
104001100
110201011
11020021
13010011
1020040
403000000
120211000
30010120
230200
21112
300000220
1101121
21010210
300310000
101101003
10020103
110130100
111002011
10012000
101111110
200111101
101000200
3010201
300100012
220012
110021002
1030210
312000001
210000301
2300200
101111002
12001300
201000022
210210010
4020001
103000300
201000031
111000013
110101102
120300010
120010120
201102100
20013010
11002021
2022100
30103
101011
10200004
1001230
1210030
1110013
221002
410001100
110200030
101200000
103120000
13120000
10001200
110001301
301000003
111310000
30001030
100122100
20220010
210000022
201101101
10000231
400003000
20000200
301001020
100020130
24000001
11301100
111121
1120021
140010100
31300000
302010010
113100001
100320100
23010001
111012001
1001032
102200011
11320000
410011
12211
1100032
110200102
10004200
2101120
210001030
320200
142000
1040002
10301200
130001011
10002040
1212001
201300001
1003030
4010110
12110200
21021010
400200001
100010200
2010202
2031001
220200001
110401000
30200011
10200400
10001011
1120012
101110003
201011110
3100000
22120
110212
20201011
10000411
140200
100000210
101212
10202011
202100200
43000
21010
10210000
21120010
320000110
20131000
200002030
1411000
14000110
11100211
100321
302000110
210000004
2200111
1014100
3110011
100010101
100003102
110100103
200020000
130010020
141000001
202000021
100041010
20202010
1202002
2212
12011020
110121001
200311000
20011102
30400
101120101
1041010
4000012
201120001
313
10120021
131000200
132000100
200030011
101002030
100220200
20230000
12010012
401000002
100303000
211010101
2041000
100300
1032010
410110000
300011002
100012111
100010212
101101210
100110121
11110210
20130100
301010200
100401010
401200
21400
22102000
1002310
210020011
11211010
13000102
20012002
10113001
100310110
10120030
110101201
220000111
121210000
130000210
301000201
200400001
20010010
12120010
300200200
111021100
101311000
12301000
12021001
41100001
301010101
200011210
111210100
10001023
30300001
200013100
11100100
300001000
100203100
11140
1112020
40021000
1010113
101101021
420001000
400001110
310000120
402100
221200
230020
1213000
113101
41100010
210000001
3020011
2111020
2011003
1100410
30010000
21301000
1120201
1010011
1000024
20001202
230101000
100202002
100121020
100012102
10011121
10002112
2103100
102002020
101400001
100020004
2220001
10001131
111001102
21300100
30100120
31001110
100300030
220000201
10410100
1120003
23100001
10300102
20021101
3210100
103110100
4110010
200140
12011110
111210010
112001002
10200112
110011000
3003100
101000113
200010121
201100120
10120201
20032000
110020030
100300210
100022020
202
21202
20220100
30010021
320000200
121000000
111201100
21103
102040
103010002
13101010
100032100
221011000
200300011
20020111
300000400
301021000
21002200
210030001
20003020
30002002
121100002
10010320
10041100
220110001
100101100
110131
102001021
220003
200120002
310100002
110004100
1330000
201020020
212100001
200102101
101010301
10004011
202201000
2203
1203010
1000402
200110120
110120020
10201300
200023000
30003010
300010210
100131010
200410
11001220
1202110
120010021
1300201
3010012
200102002
1102300
4002100
112000030
100030003
400000120
3001012
101112100
1001131
101310010
200100112
30130
113000110
30001003
120001102
200011201
3110002
30003001
30011200
11210200
100100203
20020000
310020100
300000310
30001102
101020030
201000100
101001004
211010200
20000110
12202
120100120
200031100
300111010
102100030
101000041
10111210
1000003
102011002
11200111
140000020
113000101
300200020
20000032
3110200
20400010
111110200
14100100
11200300
12210001
2100013
10020400
10010023
10012201
110003002
302001001
12101110
100310011
12101020
2002102
1001212
200020300
14200000
101020003
2000023
12021010
40210000
31020100
211010011
101111011
100122001
20400100
302000011
3200020
2122000
321100
101121001
110120002
100003210
2200012
124000000
11113000
30000031
110111011
102200110
111102100
111000211
112010110
103000111
110020000
201003001
200100301
41200
13300
200001001
22011100
311001100
20320000
300001201
201101002
22010200
10011001
200031010
201010003
3100030
2000401
200022001
100120
302200000
30011101
112100002
111003001
111000001
21102100
10201021
10010122
230100010
120000130
111010111
11110120
32100100
21121000
100110130
100110103
10203100
10041010
21000121
30300010
200002000
400001101
200101003
14000101
113010100
220101100
201001111
20040001
10212001
30200200
22011010
112002001
101200120
210112
100012
210010102
111201010
11003110
110100001
13001020
400001002
201010300
111301
112002100
20100301
21010021
400000000
120010000
21013000
20111110
101100220
201000130
100202101
11000320
310000003
200030101
200000002
110001112
101000230
1031011
111000100
111000031
102120010
1010104
13101001
12013000
1111021
21000001
10300201
221020
22010011
21002110
311020000
220110100
20001400
200103010
11014000
10011010
131200
101041
20010220
122000101
20201110
110300011
101011111
200021002
120040
213000001
100003003
20112010
202210
10000024
10200310
101200102
1032001
204010000
220001101
102101002
101000014
200010220
101002000
3000310
301000102
131200000
30021010
110002300
211100200
30001210
4100101
100020100
10201003
12002110
1001401
302020
11302000
100200112
113000200
110014000
210000220
102120100
201102010
111100201
12001210
10102021
4002010
1020004
2021020
40000003
23000200
14110000
122000011
210030100
120001210
21120100
201031000
200302
100014010
2011012
400100011
210101200
200102110
202100110
100201111
210101011
211002010
10203010
330000100
140101000
130100101
30000211
300110011
20200201
42000010
41000011
211101010
2000122
102220
22210
200301001
100200130
23002000
200230000
110111020
20111011
4100011
200000311
11111200
11101021
100024
121000120
10031011
200112010
2020000
102011110
201002200
32200
102013
10200301
301210000
310000210
300102001
1400200
100031101
1220011
30200020
340000
100200100
300013
1123000
211002001
10201210
4000102
110410000
210040000
200020111
100113100
10130011
100204
10001104
222010000
122001010
1001110
111211
1103011
100140010
40210
22110010
210200101
20101000
101230000
320020
231010
110200003
110022100
301002010
11112010
10010200
121000030
220201000
300022000
302100100
40010101
11101300
10122001
212001010
3101200
211030
411010
10400011
12013
22002100
21002101
311000200
321000100
102001210
101012200
200200102
31000021
10011112
10001014
3100102
2120020
1211101
2211001
30100300
3130000
11200
110023
11001130
1004200
12100012
201301
1103101
12200200
100120201
20001310
120012010
100130011
214000
100010020
12000121
10200001
10022110
30030010
2003020
3001030
200131
101210101
130000021
201040
10104001
302011000
23000101
100120003
11000221
110110201
110110000
102001030
11400001
200101
101201011
30000310
310011001
201111001
112210
101010004
3110110
11110
20211010
300011110
200003002
200001220
202200001
3020002
20200210
213100000
210012100
4210000
201013
102010102
101020102
1103200
11100040
230000200
20012110
201101200
201011101
200200
100021111
10112101
123001
14100001
11200000
1100230
22000111
200001310
110001220
2311000
201010120
101110012
301003
14200
11101102
23011000
30011002
3010000
320011
203020
1111201
210100012
10204
20021002
211100002
1040020
111020002
21121
1110103
10002130
20020003
30010102
100011220
10112200
10002004
200112001
120100102
10001122
300100300
121110100
211201000
100042000
100004020
211000012
21000013
203000011
121020100
102000121
200200012
20113
2201200
222001000
220011010
100011400
210012010
1021102
100112002
11004100
110102101
320011000
202000030
32110000
310010011
2101003
1022101
1001104
11023
1101130
10320001
10012030
1022020
10021000
30001012
201012100
102000202
100300012
1010131
301000210
1013002
21003100
130102
21301
11012002
10101004
102202000
4011010
103003
100020301
10130110
10002001
3100201
20401000
102004000
12202000
31
20100010
230000020
210013000
2030101
202030
11100202
121102000
11122000
100001131
12011101
110020021
31003
11011
101002012
310000000
32000200
210000013
131100010
20000002
100012003
1121200
10012012
310100110
30010210
12112000
21001003
2010031
102010030
4110100
200040010
112030000
301111000
131001010
20000041
3200011
1201111
2100121
101002021
112010101
21100210
310200010
110000302
210101020
210101002
14001100
111101002
120400
101021002
210100300
120001111
12220000
103200010
200001022
100113001
2100112
1020121
321010000
130101010
100030300
401110
211001002
1104001
300020200
111300100
11020300
121000
13010101
100011022
30100021
122000020
110011120
4010002
10033
101120011
111101011
222010
1010122
110030200
30001201
3202000
3200002
4010011
110020012
3012001
103100002
102030100
21200200
1023001
10202101
232000000
210001300
31021000
102102010
10312
22000102
10110004
123000100
102000031
12100111
201100102
111001021
110030011
210000400
2302000
110103001
20101210
400001200
301010020
110011030
21110011
30102010
330010000
24010000
1011013
22000021
110020201
140002
100002112
10000204
1203001
100112200
1040101
100002004
31000003
130011010
210001021
202010002
201000112
1042
40100101
200000212
23001001
10310200
1202011
12100210
100210021
310000300
220020100
102011200
102000010
104020
211001020
211000021
1011112
20003101
20000122
101002210
100220101
200011
30100012
201201001
22002001
201000001
200100040
30004
111004000
101010031
2001004
24100000
102000013
101010103
2401
2020201
1004110
100003
20202001
21031
200300002
131100001
2023000
211000201
14010010
2100301
112120000
120011011
201200011
1210003
200101102
103011100
100001110
200211010
100020310
1012021
12000112
1003012
1101202
300201100
101200003
3000022
100112020
210100120
24000100
110010310
1200010
410002000
20200000
101000203
1130101
10210300
11200102
32010100
301001011
223
20020030
111110020
121010002
200040001
1122010
10300
10120111
1021030
110030110
100222000
3021100
101011030
200120200
40002010
41200000
40100011
111011110
103000201
200201020
20000011
201010012
110202100
410200000
320000011
210100030
210110020
100111000
300020002
200101201
200030110
114000001
20002111
200002120
100411
11203
4011001
1010200
212010001
20300200
300012100
120002011
24010
111001111
1231000
1112101
1102210
210031000
310000012
210001102
4300000
102002200
3021001
11140000
130000120
141000100
2021110
110010121
1001410
301021
101100040
2002201
11021200
304000000
210103000
110031100
211100020
101023000
220010020
10220020
10410010
2100211
101001112
230002
101102011
103000003
10033000
210011020
400101001
204001000
111022
21010102
10100200
220120
310021000
30020101
102211000
100100011
32011
12040
101301001
13000300
400002001
101401000
100211101
1100320
1000204
200002003
41101000
111120001
100002001
102310
10111300
120102010
3310000
100212010
310020001
400001020
10140001
10110031
1002013
40000
31021
10000402
210200002
310100101
20000113
104020000
410020
321001
200010310
200010013
112000
400000111
210300100
10300030
200001130
201000040
2001103
110401
10020031
14020000
101130100
210310
210011101
21021100
2111011
1302001
321000001
121001110
120100000
200003011
201130
210012001
11200021
241000000
100104100
310
110041
12031000
300000001
103010011
100200121
31300
20110210
111010012
31100011
201111010
101001400
121111
210210001
11020012
120100300
220200010
200001010
100000420
1010320
10320010
210130000
202000201
200230
200104
100013011
1320001
102202
110013100
102012010
10240000
12130
10110130
201300010
111300010
10102
1003003
102100021
321100000
411010000
20000401
100020202
21101101
10240
2200030
3001120
101022100
401011
23200
112000000
100110211
110202010
130012
3120001
121100011
121030
11120011
100014001
10003012
1100221
30210010
1002103
20122000
100101220
1102030
100102012
10110211
22100101
31200010
112002010
214000000
3001300
100400011
32002
200020120
121001020
10020211
400003
111000202
110302
300211000
300001030
31012000
10112110
3010111
120120001
20110021
3100210
1231
212002
11011210
211012000
102002002
3000211
20221
2230
10121101
2012101
210010012
111400
1140001
100001122
122020
21010201
110100310
31002100
20100001
222000100
101200030
102112000
2111101
1113100
2201020
1001020
220030
100320001
11000113
111100000
211010110
201002020
202000012
3120100
10321000
121000021
10112020
2400010
1201021
12022
12004
100000003
110122000
11200003
1113001
21022
131000002
211003
10212010
31020010
22001200
303000010
1400011
200011021
11001310
101131
10001311
100141
100111
1100302
130300000
302000002
10012210
113100010
1012210
4101010
200400100
114001
23200000
222000001
310011010
210001003
310000201
111010
10231
101010013
40200100
213010000
14000011
200210011
43
101100031
10011022
220000003
200200003
100031020
132010
3112
31010011
301200001
2011111
101021200
2020102
10121020
30202000
3011110
100021030
11210101
10210120
310101010
101111200
1130002
1210012
210021100
101110210
211011001
300300001
31010002
100011103
100310200
101400010
10030030
200000200
2040010
200220010
200210002
12004000
10042000
10110010
240000001
10120210
10311100
200104000
201211
12000004
21001102
20000140
100022110
21011020
2000221
1212010
140001001
120210001
220201
43000000
301110010
300012010
3031
400010110
20101003
203110
110310010
21001120
20103001
103201
202010020
200101021
11110102
110104
121000201
300002002
10211110
10001401
200210101
11102020
10010140
10000123
3102001
210010111
110110111
200210110
112001200
10020004
223000
21101200
10210102
210010300
200020030
100003000
31100200
102300001
11010010
300010030
301101001
200101120
40012000
110012020
11000002
10021102
410010100
400110100
300010102
301012
104101
300000022
110002210
3200101
240001000
10300300
130100200
30020110
41000200
10003210
200100310
200100001
100101013
230110000
20030020
10003300
110010100
101003002
20104
113002
130
1110040
110300020
110011003
104000002
102012100
11120110
222001
101101
1020112
301012000
200000131
201001000
200121001
2014
101410
200010001
211000120
110001013
200121100
4010020
101002120
220300
310021
310030
11400010
11041000
1131010
20212
10000321
103003000
20200003
130200001
300110110
111200110
2010121
310012
211021
20030200
11030200
1013020
11010211
121020001
30112
110210002
110200201
300010000
103002001
101000101
100200040
100030102
10021021
200021020
10302100
20110102
21400000
110310100
100141000
201110020
3000301
2110201
230011000
30110110
100200202
200002102
130210
1021003
10321
20200102
100004110
111100003
102400000
111013
210201001
20112001
2112001
10100221
31101001
100240
311200000
400101010
20401
11003002
10201000
30103000
20301100
120004000
2104
10003120
140000110
100000123
101230
12101101
100001041
2020210
1003210
22010002
1000201
201100300
203001001
101101300
101101111
100001023
200032000
100010113
1020022
101130010
11100031
1010041
130003000
210022000
41001010
120010210
20000212
111010102
10200220
20002030
101011012
11300110
1013200
21210100
30000103
20000311
211010020
3020110
100103200
1212100
20102200
1012012
1201003
12010201
10202020
400021000
110131000
31010200
102110101
101100121
2400100
1010212
22011001
1011031
110230000
111100300
1220020
22102
1120210
112111
401000200
30301000
31100002
302100001
202002001
203000200
110010211
221001001
100101022
11100121
10212100
32000011
200111110
102003100
300121
200021011
2110102
300010012
140010001
2010004
220000030
100300111
400011010
100000033
30110002
120010
111103000
300101020
200000122
410200
13110001
102100111
101003101
3000001
100040110
400110010
3100300
110020
22000120
10221001
4100002
10130020
111000220
110100202
110011012
140100010
21010030
101000140
100101130
100210120
1311010
200011300
130110001
1033
10120120
23101
211001101
21000130
310001002
200012200
3000010
101001220
100230100
2102101
101001001
30101002
1100140
12010111
10031002
14001001
10022020
20010001
11010022
202210000
100310020
123100
1013110
112200100
122020000
13000003
311002
100211002
120011200
101320000
1030000
3002101
121001101
110020300
111100012
100011004
1011301
1210102
203020000
103000030
40101010
201030001
12300010
21300001
10032100
1000420
211000030
300210010
11300011
101202100
110101
201031
104001001
11001004
140200000
120001201
1000030
1000114
10011202
31002010
30002101
32020
110103100
111000022
100111021
12200110
12000220
102004
101410000
30111100
202100020
102010210
200130001
111210001
1010014
120200101
200001112
301020010
100100200
12110020
12012001
210011110
220101001
112010200
12011200
110010112
10220011
2320000
2104000
104100001
100001311
111220
100004200
2410
100101031
20040100
300003001
110102110
13102000
20302
12002020
12000301
2100004
10042
2011
10402
1200013
220010200
401010010
1031110
100112011
13201
230010010
300000031
200203
4200010
10031101
402000001
21101110
101020000
101212000
20002
312001000
402000100
220100002
100031011
12002200
112000012
112003000
113100100
2010211
21200110
1100212
100020211
130021
121012
300300010
120020020
300001300
2310100
101000020
11410
11004010
11003101
330000010
13111000
30001021
100130110
101210110
110110120
1101103
111112
104000020
102121000
100100113
100001203
110100400
101121010
1003021
104110000
320001001
201201010
1011211
100021300
21020200
1030201
300000202
301001002
112102000
100040101
102130
100020010
100021102
10112002
31000111
200200030
30110200
3002002
111200101
102102001
12012100
10302001
2110012
130200100
30000202
102300100
101000032
200010031
30000022
20021200
3001003
100021201
301102000
20012200
102200200
1303
20200120
3030100
421000
21310
421000000
220011100
20110300
220000012
102310000
10100203
201100021
11004001
11110021
200010130
100100230
100104001
110203
40010110
140020
101012020
11000011
300040000
110140000
201200002
100230001
1420000
10020100
11013010
231000100
11103100
1020211
40020100
20210200
1031200
100020220
10103020
1100311
11100022
1220101
23020000
410100010
13100200
10101130
1004101
12121
11010301
1000120
210002011
21110101
120001021
2101300
200013001
100231
31120
112011001
20020210
120111010
22210000
1030030
12100030
1400020
10001002
2102011
1031101
3112000
102102100
200100121
400102000
210000202
221100001
210000112
2002003
1100002
110200012
100120021
40100002
110010103
2131000
210100021
31001101
241
12022000
10002400
20003200
3101101
401101
100021003
131101
12100021
102031
30210001
1200400
101110000
110000011
232
12310
1111102
101110102
10310110
20002102
102000112
300120010
100012300
21211
100001302
11010202
31000300
1222000
13021
1101040
33000001
300100000
111120100
103000
103030
210021010
203101000
211100011
100102300
1321
112200001
110001031
10000102
1200301
212110000
140100100
100200301
100201210
20201200
210010
30210100
200000032
100011121
11001040
20100013
10310011
10021030
10002310
100003111
110000041
103100020
310000
13000012
10010212
20001112
300101101
100000111
102010111
10201
211002100
133
202000003
22001110
20022100
2014000
100101310
4010200
100100023
10131100
10100212
110010013
200310001
204001
400100200
301100002
20200021
20012011
200002210
102001111
10103002
11101120
40102
101102002
101012002
211000000
210100003
220012000
110101300
2011030
1110400
100011202
11210002
3210010
110032000
3031000
3101020
112000120
2010022
211210
121003
101010010
401020000
32000110
30000040
101031100
202001002
11202010
40020010
101012110
100001401
1102111
111000040
102100
2301100
200012011
30220
12200020
10010002
10110001
400210
40003000
140011000
310101100
101211100
100300201
420010
122001100
300300100
400010200
2000131
1321000
40002100
30010012
110010031
132000010
200221000
103010020
420100
11201002
10011013
23000011
104011000
2320
22012000
10004002
300202000
102000310
1102003
201010021
10200121
32100010
102012001
120100030
101112010
110400010
100410001
10204000
210020200
100002130
31000201
2100220
142000000
220000300
200004100
10001113
302110
120011020
201000301
100200013
20120110
4000120
10012021
102021001
40000300
30004000
102001300
2004010
41010010
101201020
2100100
121021000
100240000
200130100
100013002
110410
20004100
11030101
14002
22100200
13012000
10040002
20010040
11020201
110110003
121010101
102000040
22111
10222
100120012
12200002
20023000
130000
11003011
11000203
1010401
110100040
142
11041
32000020
120012100
110000410
401010001
1100200
10014010
2400001
111111001
111001201
2021002
130011100
200410000
201211000
100300120
12110002
10221100
10200010
102301
411100
201220
40111
10123000
1240
1120030
12010003
13200010
140000011
310200001
31011010
101200300
100302010
10210210
101200012
31011100
120000022
10222000
101000131
20102101
101020210
10001032
230010001
210011011
112101100
200200021
112120
2000200
14000020
412
12003001
10230010
1202200
1111111
100102210
101120200
10101400
102210001
212000002
100000141
3110101
100210030
13010002
100100320
33010
10032010
201310000
10003111
20001100
3000202
13100110
11112001
1300012
2012110
11111002
231010000
23000002
130100020
300111100
4101100
1012300
101010220
11230
130002001
11111110
111110110
112010002
102200101
100100410
1112011
101110120
100212001
10101310
102011020
201010
300021001
10114
101013010
13000021
120400000
403
2210200
2220100
1120
200002300
300010120
41011000
1210000
3101110
3011101
211200010
101100004
122200000
310200100
20011003
20102110
202101001
1100113
13000120
20120011
110110021
10011031
300002020
110000032
2003101
130030000
103001110
210220000
200300101
300002200
110200
22002010
20201020
101011003
102001012
4100110
201101011
11102002
10020202
11110012
100201300
100101004
1011004
23000020
210210100
201002110
1000330
300210001
42000100
110200000
240100
11401000
104200
111010210
10221010
140001010
301000111
111130000
40101100
330001
300110020
300112
122101
3100120
412000000
20011030
202110100
103001101
100011310
1330
110100013
41010001
21040000
120000400
211110100
21010000
100012030
110220001
21100102
220003000
12210010
13110010
12011002
10230001
10002022
1031020
400102
220030000
10000030
200310010
1024000
340
30100201
1301101
110020003
2040100
22300
110210011
40010011
10000132
4002001
201200110
100400200
410101
13001002
20310001
10001410
303100
100210210
13020001
120202
1310110
2302
111003100
210300001
110200111
130002100
10000300
100111300
1003
111001003
103210
121101001
11220100
122011
2111110
111000301
11011120
111001012
10101103
31001002
10010302
420010000
220101010
2121100
201012001
11100112
211001011
111001
231001
202000000
300031000
202020010
100200103
1130011
100024000
2021101
30031000
41001100
11110000
1303000
2001013
10130101
22100020
113002000
30000004
2011102
14110
100010203
40200001
101004001
11002102
123000001
120003001
210111001
201020101
100100032
202000120
2000110
322000
211011100
10300003
120121000
110012110
200111011
100123000
100120102
112020010
21210001
1002211
320000020
100002400
20210002
2020003
14011000
113020
12010300
11001400
11002030
2131
10100302
30012100
120000004
13110100
10400101
20131
111100102
400201
12100
12010030
1032100
220020010
202001101
3000121
2110111
300001
4210
310110100
2000002
100012000
30100
30121
131110
1111210
11202100
140000101
113020000
301011100
300301000
20041000
131001001
11020120
100131100
121001200
21000301
10230100
3001102
111102001
111000103
330001000
220102000
200000410
120000010
3013000
10102210
101021011
10220002
123001000
2221000
300400
311101
214
10021003
12100120
210020101
400002100
10000303
200200210
11021020
301000300
401100010
100220020
111103
1012
12300001
10021300
300021010
210002110
120000100
3010003
102020002
11102200
1222
1200004
32002000
20011120
200010103
300040
11120002
201202
11200012
113001010
104010100
100210300
20020201
130000000
100211200
102010021
12010021
203010001
201121
1312
21030001
1301200
101201200
1010020
121021
220001110
3020020
201000121
101200
122001001
100100131
100000330
110010130
100000222
103021000
103010101
10401001
141010000
112200010
111010201
12001003
12000010
30100000
120001000
10121011
31110100
110110300
201004000
11102101
311100001
101110111
4030000
1010302
21100201
11110030
110000014
22120000
110112010
11001022
301
10101100
211111000
120200002
300020011
10003003
200011012
300003010
301010002
1000012
132010000
203002000
200030020
30121000
210002020
100311100
121201000
11030002
4000021
223000000
120110020
11002300
1101112
10201201
202010200
202010101
124
410000020
200401000
31120000
10141000
210001201
10113010
110121100
311011
210102001
112110001
2002021
22000012
112001110
201100030
203100100
2030200
200100004
10000240
100001140
1041100
1011400
3301
1100101
101020300
100200310
131000101
14010100
40010020
1201012
100020112
21101002
110020120
222100000
312100000
110003200
210010120
21130
10140010
10011004
203101
1310200
20220001
10001041
20100202
312000100
210010000
310000021
100200220
100004011
3020200
3000220
102001102
230002000
410101000
204100000
30001120
101203000
10130200
20102002
11030020
1011040
40000012
42100000
30021100
203002
100100020
1401100
21003001
102000022
100103020
30031
222000010
111400000
120000202
104101000
101000311
100042
11022001
101120020
111101101
11100010
11020
10013110
203011
11013100
2001031
201101020
101040010
1230100
121001011
21012010
14010001
10020130
10010020
301110001
200001013
20000221
103201000
111001000
4001020
103102
3100021
10210012
210010030
320010001
202001200
200122
2200210
101001031
200001400
101002300
1420
32001001
10002013
3310
20101102
13000111
20113000
210011002
111021010
110120011
2300101
20041
100122010
122000002
210310000
2300002
101400100
200101012
100040200
100021120
102100012
100220002
110400001
10132
11100001
1100401
210200110
30030100
110000320
30111010
101100400
20210020
110001202
2100310
210001210
10000111
211201
11100301
101203
1020310
31002001
121002001
13030
1110211
110101120
10210003
11201101
100320010
202000
410002
131010100
120200110
120101200
200111200
120110002
10002301
2110120
13000030
200300110
310002010
1003300
1021300
121
100221001
4101001
13011100
30101020
10420000
300031
11030110
1012102
1100023
100110001
122010010
32000002
110101000
200022010
30211
4102
102200020
10201030
24000010
110021011
100003120
100000240
211210000
200110003
2003002
111200200
201400
200201011
200401
11100310
203001100
210101110
100030000
200101030
13100011
100000102
22020001
101220010
220021
221101000
201010030
201000400
100110400
100002040
1302010
101200201
114001000
201000211
201011011
1103002
1110130
100023010
111100120
1110202
200000023
110000110
3000130
201011200
202111
4020010
201400000
101103010
111012010
123010
122010001
111002101
11101000
111010120
202000300
220002100
200000020
20110003
100010302
10100014
12020020
2020120
1221001
20110012
420100000
311000011
4120000
200212
100040020
220100011
20200
11001211
21000100
110002201
