201001
1210
301
1
3001
103
3010
11110
2000200
21010
300010
301000
3000010
1002001
220
1100200
310
100102
2010100
102010
10201
31000
1020100
1101100
1003000
200101
1300000
10
31
10210
10120
220000
103000
2000020
300001
1000003
112000
1011001
101011
2002000
13000
2001100
1000012
20110
1003
11101
4000000
22000
1002010
120010
2101
121
100300
2000002
2002
12010
1021
1200010
100003
10300
20002
1020001
4000
11002
1200100
121000
100201
202000
10000
40000
30001
101200
101110
2200000
10003
1030
11011
3100
210010
102100
1000030
1001020
4
1110010
21001
110011
1011100
1020010
22
210001
1110001
1100011
1001101
2020000
3001000
30010
100
12001
1201
2010001
110200
1101010
1100101
210100
400000
1002100
1001011
111100
200200
2010010
111001
1300
102001
2101000
2100010
20200
1000210
2001001
1000120
1000102
1010101
112
2100100
120100
2011000
2200
2020
200011
211000
1100110
1001110
1000111
1000300
1010020
1000021
20101
3000100
1001002
111010
100000
1210000
100030
120001
11020
1010110
10102
110101
1030000
400
1010011
100120
3100000
2110000
201010
1101001
100021
110110
2000110
10012
2001010
21100
1011010
2110
130000
1100020
110002
3000001
1000201
1111
1102000
1200001
2100001
10030
100111
1201000
1021000
20020
1110100
2011
1000000
200002
1012000
1111000
101020
1012
3010000
1001200
100210
100012
202
40
11200
200110
20011
1100002
1000
12100
1120000
300100
30100
2000101
1102
13
2000011
201100
101101
310000
200020
130
101002
1120
10111
1010200
110020
1010002
10021
211
