300020
30230
3020
3203003
2300033
3200003
3020300
302300
33032
3230300
2330030
3302000
2033000
3002
3020030
233030
3200
3332000
3002000
3002303
3000200
330302
2003033
200303
23300
32003
20033
333020
303023
30203
3032003
233000
330200
300323
23030
3020303
2003303
30233
30032
3200000
3302030
2300030
230303
302033
32330
23033
20300
3320000
2300303
3003230
330032
200033
20
3300002
2000030
200030
300032
3300200
2030003
230300
330230
32300
3203000
2030033
200333
30020
203003
2330000
3300230
3300020
2030330
3000020
2333000
3030002
3200030
3030230
3023
33002
3230
3200300
3200330
323030
320303
32000
2033003
330020
30023
3230000
2003330
203303
300230
2030030
3000230
3000323
3003002
23303
33023
3323000
3020003
3003302
230003
2033
33020
2330300
3002033
230330
320003
302303
330023
203033
302003
2303300
3023300
3030320
3030203
320030
3002330
3003203
2000300
320330
320
332
2003030
3000320
203300
303032
33230
2333
2003
3320300
3230030
3032000
320300
20003
203030
3300302
2000330
2000303
2000033
302000
2300330
303002
30302
3330200
3033200
3002030
300233
333002
203000
3332
3030200
2003300
230000
320000
203330
3330002
323
3230003
3302300
23330
3203
3233
2303000
3203300
2303030
3002300
333200
3303020
3003023
2000000
2303003
3300032
323000
23003
3032300
3000002
330320
303320
3030302
3030032
2000333
302030
30320
2330
230
3020000
3030020
3030023
3003320
300332
200000
2000
203
3300023
3000332
23000
33302
2300300
330002
303230
3320
3302
2003000
233300
200330
3323
3320030
3303200
2030303
332300
30002
3000302
332000
233003
20333
2330003
2033030
3003200
323003
200
2300000
3203030
3200303
3023003
2003003
32
3302003
3200033
3003020
3000032
20000
233
2300003
2030300
303302
32030
30332
3330020
2033300
3003032
200300
20030
3320003
2030000
3023030
332030
320033
3023000
33200
33203
302
3000023
32303
20330
30323
332003
230030
303200
300002
23
2030
3300203
323300
230033
30200
20303
3303002
3000203
2000003
300302
3300320
330203
303203
303020
3233000
3032030
3000233
3032
2
33320
32033
2300
3020033
3002003
300200
300203
200003
2303
300023
3033020
3033002
3020330
302330
300320
