131300
120230
130310
23000
1031000
3010301
1310000
2200040
2003012
32012
2222
2033000
1230020
2002301
1103
2020220
1004300
302201
202001
4010003
1230002
1002020
24200
10400
3041
1032002
3000311
40310
102002
200042
4001
4130000
303200
3030101
20132
1304
1023020
3002102
202400
3002
400310
220202
200102
40100
1313
4400000
4100300
1400300
3013001
3010040
230120
3113
330200
2021030
2012003
30023
2
2400200
3200201
1031300
122003
220031
1040003
1001033
4004000
230003
1103000
2020202
3000131
220022
103301
202013
4003100
1301003
2302001
140003
330110
4000301
4000022
1022003
1320020
1004
140
2010302
3003110
23201
4202000
3011030
2030021
101030
31220
33101
20204
4310
2100200
1032020
120200
1000013
122000
202202
13100
13220
1100303
1001330
1000133
311000
31310
10013
3002030
2000003
2040200
143000
220400
242
3200
3001010
430010
100133
1301
3200210
403001
213200
3000212
230201
130013
4002200
3000302
1320002
4013
3103100
1010030
42200
1000103
3000011
31202
22022
30140
2000033
3210002
2010203
404
203021
200024
24002
2301002
123002
103010
22001
1220
212
1003010
123020
104003
1403
1203002
2020100
2003120
20120
1202
2003000
1000004
130040
200402
14003
3020300
4002020
3021020
20201
10010
2102
2030000
3310001
132020
2022200
3001103
130031
202220
200213
4200020
2300201
1022000
13040
2000
200
1000202
3000104
401
1130030
3103010
2024000
131
2321
4030010
220103
22004
400022
313010
133001
3221
3023000
1010330
1002320
301040
31004
30221
1330100
2120030
231200
4022
113
3202100
2023010
100403
1003040
1002023
212300
321020
210200
4000400
3310010
30020
1002302
312200
220301
23003
20330
2001230
10313
320000
1033010
3010310
310031
1300130
3100301
210320
1331
104
2240000
2001320
23012
301220
43001
1400
1220000
1000301
430100
30032
1030031
3002201
224000
100310
4010000
4020200
2120300
413
300101
320300
1013000
100301
3012020
1001030
11033
3003002
2100320
3014000
1010003
313001
3302000
2000030
2203001
300203
400031
210230
1430
3000203
3400010
302030
30212
3101030
201020
300140
1223000
3130010
314000
3020201
110030
103031
300311
2210
3201200
240200
120302
1020023
222002
130301
100100
100001
22040
2010200
3302
401003
10322
2021
122
4000040
310001
422
302003
1033100
402200
3120020
3010022
1001003
30113
3003200
4003001
4000031
32120
3110
2020010
1004000
130202
2300300
31301
1304000
20
13400
321002
103022
200240
3014
4100030
3120200
1203200
1000322
130130
100220
31040
2420000
3100100
1040030
1040
3140000
2202002
31010
300200
13301
2201
2000330
400220
221
140300
20102
2012300
3001310
404000
10103
4103
1003301
2000222
10130
300002
11330
1100
3203000
2120003
3102200
1022030
420002
130004
3300002
3220001
3301100
3021002
201203
2300210
2013020
2032010
130022
130001
302120
100004
431
3200012
2002220
2003210
310040
10004
320003
2301020
1002203
1300031
3002210
3020030
330002
3102002
220013
2312
1200023
23
132200
220100
100430
2420
2200202
2021000
20303
2023001
1000310
143
1000130
232100
303101
10430
10031
1200320
1003202
1003013
13130
3212
2012
4200002
2103002
400013
220220
300110
40301
40001
2103020
30320
3010010
1200230
1020320
3001001
223010
110003
103202
20213
2002400
1003220
332
3012200
1000340
32
4020002
2003300
3000032
2020310
1001000
410003
100031
4100000
2120000
2123000
33020
3000140
400040
200312
110
2300000
3002003
2100203
4030001
133010
10223
3010100
1030130
40031
2310200
3130001
2012000
4001000
410300
2213
4202
1004003
32210
10040
2300021
320102
304100
23021
2400020
1320200
3202001
2200130
2200103
1200032
3010202
3001013
3000200
4000310
1300100
2002001
40013
20042
3000320
210002
1000313
131000
320120
130010
201320
3220100
1002200
2000120
200210
1203020
2200010
3320
3000221
130100
4040000
2000303
230300
43100
24020
3311
204020
101003
100223
3041000
1000232
102320
300041
3000002
1301300
2202020
3103001
1200200
2100020
1300013
3023
4013000
2321000
3104000
12023
301100
203210
100013
1223
14
2001302
430001
110033
104030
103100
202130
103103
134
3001400
3000410
220001
2020301
301400
301301
3311000
3100010
2022002
3100400
300302
3200102
2100002
1010000
4300100
233000
320030
310010
2040002
2032001
220010
1030103
3001220
40103
4220000
3000020
1403000
220310
302012
1033001
400001
33011
4310000
2302010
32003
401000
312002
203300
1200020
1034000
20420
10220
10310
314
44
1000403
100313
300122
3040001
1130300
2203010
2300120
3122000
140000
100043
3000113
212000
131003
230102
102230
2030030
3210200
2000210
300410
3100220
1040300
413000
400004
240020
2230001
303020
2200400
232001
213020
31130
20222
3122
1340000
1202030
140030
3011000
1023002
2030201
3001100
103040
3002300
2301200
1103030
40400
23210
1000223
232010
310022
2231
2030003
203000
1030013
221003
110300
200420
3140
4000001
1030004
2000132
2000012
2031200
1010303
1000022
220004
100130
22013
10340
2132
2402000
1020002
401300
2300102
100034
43010
2042
2000000
4100003
1302200
11303
31103
3011300
33002
131030
132002
102203
20402
3200300
1100300
1030010
1020302
1003310
102020
200321
10202
4000004
2210003
3010130
3010031
300014
30101
341
4301000
2204000
3100040
20021
1340
4002002
3220010
31013
301004
41000
410
40022
10043
2402
1043
2003030
2320100
2300
13022
3110000
220130
104000
11030
2220002
32030
101033
1020020
3203
400400
103004
100400
4300010
3200021
2030210
100340
10232
3002120
3001022
1000034
202103
32102
3030020
302000
2200031
2120
3300200
1000010
34100
300032
2200022
3011003
2200013
1001300
323
3000101
102200
302300
1300103
300020
202040
10034
4130
1300004
2000204
11300
1002002
13310
10133
10022
1232
4022000
1430000
200330
1030100
1030040
103310
103013
300011
3120002
2023100
3022001
11003
21002
3011
201230
100322
42020
3110003
3201002
301130
1200203
3300011
310100
40130
14000
3032000
1230200
1330001
3031010
3010400
2000420
340001
230012
1202300
1023200
3031100
20231
1003031
401030
204200
203201
301013
2010230
2004200
1003400
301031
40004
31031
304010
2330000
3113000
2102030
3013100
3021200
203
440000
310400
230030
1100003
23300
202310
201302
203012
4004
3102020
1002032
311030
120320
13004
1130003
2202200
2000024
1013030
3030011
123200
2204
4001030
200000
1022300
2310002
1013003
120002
202100
30410
100202
11000
21203
4040
1000304
400202
311300
10331
3300101
1013300
341000
20300
2003102
403010
312020
210020
3030200
3301010
1031003
1022
410000
20024
1220030
3100001
2002010
331001
12320
22130
41
2032100
3002012
212030
2000123
420200
3401000
3400001
1300001
1103003
1300220
33110
3200003
4020020
1313000
331010
200204
23102
4001003
1100330
1000031
1003103
3001040
301010
44000
3200120
1100033
30230
202301
12002
4103000
3001031
2000042
2000102
231020
21230
2000300
3130100
1003100
31100
30131
2302100
3101003
1020200
422000
313100
212003
130400
204002
1220003
2020103
2030102
22220
30041
200231
300212
1133
3030002
300023
330101
3000110
200300
2300012
2002100
1003022
301022
31001
4200200
1300010
2010020
30200
400130
11
330020
2320010
2200100
133100
41003
40040
1400000
32300
3230
311003
2203100
303002
2020022
2001020
3000014
21200
22301
12020
3003020
300230
3010004
4100
2240
1003004
22400
3101
2010023
1004030
1003130
2200310
2004020
2312000
2220200
2201000
322100
1400030
200303
2012030
310220
230021
200222
100022
3200030
2220020
1300022
104300
21020
22010
3110300
2102000
2030
1302020
20033
30110
3000041
100232
200201
100010
41030
33200
3010220
3010013
4010
22310
3002000
2002013
400103
2000321
310301
34010
2213000
1043000
32000
220040
210032
20240
2300030
1000001
213002
3030110
230210
3401
101
3000023
1220300
2102300
3001004
230
113000
130220
101330
2230010
1302002
3300110
1330010
2002310
3020
1000220
30122
4031
3020003
30002
3032
102302
301001
13202
31022
2132000
2021300
2330
40220
14030
30014
20000
3020120
2003
1030301
2002022
103001
32201
1100000
2210300
3310100
3004001
4030100
2020013
3221000
1100030
2003021
1202003
3100202
2022020
2020004
320201
1000430
233
100331
40202
230000
2002202
2002004
1031030
3004100
13001
2013002
2000201
400301
1331000
2200220
3100022
1310300
3101300
2021003
2020130
2001200
302102
1232000
2310020
1303100
4400
300401
34001
12203
3001130
2002031
2303000
1030220
2020001
1130
1034
1001
4000202
3022100
3001301
231002
21320
4003010
3010001
420020
203003
300320
3020021
223100
103400
3000230
2210000
2230100
200120
4220
1300400
2001032
2000021
320
2000240
120032
310004
41300
2300003
1020032
20003
113030
122030
100040
2200004
1010300
3004010
110330
120203
12230
10100
20012
1310003
1030022
1000043
3210020
2200301
2030120
1020230
110000
113300
1300202
2040020
23030
402020
222200
203120
301103
14300
4031000
2013200
302
10301
440
320012
1133000
2201003
200003
300113
42002
1202000
242000
101000
2200001
1001303
3003011
1130000
2103200
1300301
3020012
1003001
1000100
403100
30104
3022010
2020400
1020203
10001
134000
201023
4010300
2400002
3013010
1310030
1301030
3000122
310310
320210
200021
22103
1010
3230000
3100103
3100031
303011
23120
2010320
2033
102023
102032
100103
32021
200033
122300
320021
221030
4010030
2102003
2002130
200132
3110030
20030
2004002
20123
3410
3012002
1030400
13010
400100
130103
4301
1030001
2303
2000213
2201030
2001203
113003
2000231
1000040
304001
4001300
1103300
3100004
1002230
2001023
21032
20321
2030300
3100310
1030310
2100023
2002103
210203
10403
10304
332000
2100230
3100130
224
1040000
2010002
2001002
203102
40010
4000010
1400003
323000
30311
2002040
410030
321200
210023
3131
3410000
1030202
2003201
3104
2130002
1200302
431000
322001
210302
201200
2222000
3301001
30203
202022
300131
20312
2000312
240002
310103
1300040
1010033
103220
21023
4000100
1303010
2100302
3040010
222020
110303
103130
100304
4000103
1322000
3202010
2210030
101303
2020031
101300
202031
12302
13013
4300001
2320001
2031020
2024
200012
2130020
3003101
331100
2030012
120020
12200
2123
3300020
2100032
3100013
402002
340100
303110
1013
3200000
200030
3020210
310130
3400100
1032200
3000401
310202
120023
12032
1303001
2010032
223001
1301000
203030
300104
311
3020000
4000013
3131000
3020102
3002021
13031
1322
1031
2042000
30302
2020040
30011
31400
21302
22202
340010
330011
201032
300221
2130200
3031001
3001202
1000331
310013
202004
20210
3320000
2003003
1000400
3101000
301310
202010
322010
302210
301202
200123
1310
3010103
2000402
221000
4000130
22100
22031
3201020
1200002
2031002
221300
302021
2231000
3212000
2201300
400010
201002
13103
30401
4000220
1300310
3040100
