220033
100333
301000
4330
3330130
1033300
400000
233032
332302
300043
3301033
1300
3000223
1303003
322000
3330022
303304
2320330
2300332
3003220
403003
2320000
2033002
2003023
13
333100
3303310
3033013
13030
3001333
3303400
3330301
3301
2030002
3202033
3040030
3002320
3300040
303043
2323030
3202300
3100333
400333
2003233
3010033
3003034
34330
3303013
4330300
2230033
1003333
3220300
3013303
20200
1303
4003033
2320003
2203300
130
3330010
33010
30310
3003031
1003330
3302032
3003133
3320302
330232
3313
1000333
403030
220333
33040
300301
103
3000010
303010
30001
200230
343000
43033
2320303
2303200
3020230
3003001
3202000
3300133
3303040
3030304
2230003
3013330
3031330
3030322
3203200
230233
230203
3040033
3033100
2000230
2000023
202003
2023303
202000
3003331
30343
343
2230303
3000313
300313
4000
333130
3043
303301
33034
2030320
433300
3001000
34
3023203
3020323
3001003
330331
1030333
200323
3310300
32002
2332
3303103
330022
3232003
203002
3313300
3303202
330202
3030034
3130030
13333
3303130
33223
3003310
300343
2200303
3220303
202303
200023
3013030
223
330043
330034
2302030
2300230
3133300
33103
33310
3433000
3302023
3300232
322033
3032200
301030
33220
2333200
3022000
3023302
3320023
3302002
3032023
3033400
30430
2020330
232300
230323
2300323
310300
334003
4003
2330002
2200033
2002330
200002
40300
3034000
310303
3001303
330313
1033030
100300
3320320
23230
3001330
1030330
1003300
3403030
3043000
303223
30010
310
1
4030003
2303002
3203320
323032
3022300
43303
3032203
4000033
2020033
130030
103300
43300
20233
3030400
3033010
220300
130303
230020
3000220
2023
323020
3004330
301033
320203
32332
3003403
3033103
303313
2200003
2030230
3033220
30013
304
230332
3000232
33100
3303100
3133030
20302
2233
200332
3040000
3332020
30340
3000001
3043300
3331003
1003
30322
3003304
331
4030030
103003
310003
2020003
3300220
220
300130
33043
2300023
3133003
3313000
3003130
3300004
3033031
1303000
3100330
3302203
1003030
232330
322303
3302230
32320
2332003
2032030
2030323
300232
300010
3303004
2032330
202300
323200
3130300
433000
3331000
31330
3130
2320030
2300320
1030033
300022
30304
2000200
3304000
300340
3030232
3000403
2023330
2020030
23032
3100
3230230
3200002
322300
330130
300040
4033
3330202
3300403
400
2030302
13000
22033
133303
3310030
3302302
3403000
313300
331033
301333
32323
3333100
2000302
400330
230230
304300
2230
3300400
3103030
202033
323203
43003
2330230
200203
340303
3330400
3304
4003303
230002
20323
3002002
3202
4033300
13300
3331030
3002332
302032
3003013
2200300
100033
310333
40333
330133
303220
4003330
2030020
340033
330010
433030
340300
3004300
203020
3332002
34300
330340
3322
4000030
3230203
203332
334
3003100
22003
3004030
3002233
3230020
3203302
223030
3023032
3330220
4030033
2323003
1003000
3033202
3433
3002032
4303300
3020332
31300
2002
303103
2300302
3022033
23332
3322000
3023200
302302
300403
30034
1000000
2002003
3200332
320332
301300
32200
3030340
3030313
2033203
3223300
223000
3003043
3000133
43
330304
3103000
3200023
232000
323002
3304003
304303
31030
3030403
3232000
230200
3313030
33031
3130000
322030
43030
333202
3030013
2330200
2303230
2030233
103030
302002
3300100
33304
3230302
220303
130003
2002300
3100000
23233
2303320
3233200
1000303
3000043
3013000
4300000
2000323
3202303
20332
302200
3000430
3301030
333022
300013
2003320
3023002
3030130
3000310
330040
2002333
2000032
3010030
2000020
10333
330322
430
3303022
300304
2300233
3430030
3220330
303322
333004
3103300
3100300
3300022
40003
3330103
333001
32230
3040003
3303001
4030000
430033
230320
223003
32302
303400
303232
30103
4033030
3200020
233023
3033022
22333
13003
3032002
330403
3010
4330003
2030023
43330
3000301
300031
34003
4033000
4000333
3200320
31033
3403
33022
3001
2230330
3320020
40033
303331
2020300
3130330
300322
203023
43000
300331
1003303
2003032
233320
200233
303130
30313
303100
2330302
2023300
203320
100003
220003
3002323
100
3031
2332300
2200333
232030
3013033
340
3033001
330004
4330030
3323002
3043030
3030103
303430
4303003
1300030
430303
320230
3004003
300004
23020
304000
30130
3330004
3033004
2323300
3103330
130000
30004
1000
3002230
3033130
333310
2033020
2033023
322330
3032302
302332
330310
300430
323230
323302
302203
40030
3034003
3330031
3004
3233002
3203230
323320
23023
2302
3000013
333013
30301
2300032
3233020
430330
40330
303001
3230200
3200302
202030
3303031
4000300
3331300
301303
330400
3223003
3003232
3030010
1330300
430003
3300043
3040300
23302
1030300
103333
100303
2203030
3010333
300400
3232030
403303
220330
33130
4300330
2030200
2003332
233200
3340300
3002203
3020023
331300
2200
3000322
3300304
1033330
3200203
203302
3303220
300100
300202
30043
2000203
232303
3013300
30334
320320
133
3000340
320233
334030
32023
30133
3030331
4333000
1000030
3040330
320032
4300
3020002
313030
40303
300133
300103
3230320
3322300
3020233
3333010
33331
403300
133330
10000
3020203
10030
4030330
4000003
1303330
3034030
330103
3003313
334000
3300031
2023030
3322030
20230
303310
322
1300033
3022003
3301303
31
2320300
2000233
100000
3023230
310030
303340
1330003
203233
20023
3030022
4
4000330
200200
133300
3330100
3003322
30040
3040
33301
3100030
3000202
330430
331330
3000433
10
3300340
33340
2333020
3400000
202333
320302
330220
3000343
3000004
330301
2020303
3400303
223303
3320230
3010303
343003
34000
2030203
1000330
1000033
3000031
1303300
2002000
3100003
3203020
20032
331003
30433
3300034
4030300
2330023
2200330
343030
3031033
2203000
3100033
203200
320200
333400
330223
303202
232033
203323
3020032
2320
3003022
33313
4300030
3220033
3004000
3304030
3301300
2230030
2300020
3130033
3310330
320023
2020
30223
1033003
1003003
3202030
3400030
3333001
2303020
1300303
3430000
1330030
233203
304033
2302330
3030133
100330
304330
3300301
4030
3003430
330031
200020
340330
3301003
3232
23203
34033
3003202
33001
313303
332200
32032
1330000
100030
3322003
2002033
133030
3022303
4303030
3023020
3302200
3334000
3000100
300223
3103
3030004
4300300
202330
22030
1030
3000040
303013
3003004
4000303
3323020
3002200
3320032
20002
2032
3330013
2330203
403330
220000
3223000
3230002
3303010
333040
3022
3220003
3013003
3000103
22303
302023
3030223
3000130
300001
1300300
3202003
3310003
313003
3003340
3003040
3033301
1303033
1300330
220030
3000034
3004033
302323
3300013
430300
332002
3300130
2233000
2302000
433003
1330330
1300003
3300310
3003010
3400330
3000400
30232
320323
3013
334300
3030043
3000334
232003
103000
13330
20203
3000304
4303000
2203033
2030332
333031
1300333
3223030
130033
330100
3300331
3310000
3304300
3003103
3004303
33232
30331
3034
2302003
3040303
310330
30403
10330
3034300
3032320
3320200
22330
20020
304003
1330
2233030
203203
200302
3010003
1330303
2203303
3022330
32233
32203
3330040
2200030
322003
31333
2300002
34030
3300430
2323000
2003230
3031030
2032303
2030032
3031303
1030303
233020
34303
3023320
3301000
3002020
3133
2200000
2320033
2023000
3310
4300303
301330
302233
3303301
2230000
1333030
3320002
3001030
300034
2330320
1330033
2023033
304030
303022
2230300
2300200
2033032
1000300
3230032
3343000
3022030
3030202
2203330
2023003
2003323
330001
332023
332032
1333003
2003002
223300
3230023
302230
33403
4003300
4003030
2332030
320002
40000
3340000
3340030
3010330
31303
30400
403
3033040
1033000
2020333
103330
3030100
3223
3400300
3100303
23200
333220
2032000
3200323
340030
313033
301003
3103033
3010000
313000
31003
4003003
430030
3031300
4330000
31000
33430
1033303
2203
400033
230032
30100
1303030
3400003
3130303
2323
433
2203003
3200230
302320
3133000
2303023
2032300
2000332
3020200
30220
4300033
3130003
130300
10300
4303
22
3002023
331303
3033310
2302300
230302
13303
1030000
10033
332203
3030220
3301330
4333
3340
3302320
33202
3400
3203023
3020302
340003
3430
33322
3403300
403033
3340003
3300313
3220000
403000
3300223
333010
3343
301
1300000
2033200
33400
332020
300220
3000022
2302033
2033302
133033
3203002
3200032
3031000
3003400
3220
2330032
2303203
1030003
130330
103303
200320
3001033
30202
2302303
2000002
3400033
3000331
3334
1333
303004
3200233
23320
3032020
202
3330310
3300001
2003200
233002
303403
3323200
23323
2000320
3220030
3203032
300334
3032032
333103
330013
133003
3310303
33013
3331
4033003
2003203
3430300
320020
13033
313
333301
4030303
233230
233302
400303
331030
303133
331000
232
3300322
3030310
300310
2333002
1003033
3202330
3300202
30031
1303303
2032003
133000
3030001
303031
2002303
203230
3302020
3023023
3020020
313330
332320
3030301
2303032
1000003
223033
3003301
3030031
400300
22300
10303
3020320
4003000
2033230
430000
3030040
2300203
2020000
2032033
3043003
40
2233003
302020
30022
1333000
2332000
203032
3232300
3103003
400003
343300
4300003
2033320
1033033
310000
1033
3300010
4000000
2002030
200032
3003223
3200200
3320203
3001300
323023
332230
303034
400030
130333
3310033
1333300
2003302
20320
3300103
33004
3203203
340000
23002
3032230
300433
303040
2233300
3103303
230023
2003020
3313003
310033
3330001
1030030
3332200
3031003
32020
2303302
223330
10003
3430003
3403003
22000
2330020
3010300
3002302
103033
3030430
33133
