3332300
3233003
3230303
230303
3023330
320333
23030
3002000
32003
32
3003203
300230
3000023
303302
3203330
233330
233033
3320000
3332000
3002003
3300323
2303330
2033303
3200000
3200303
3000332
3323
2333003
3203030
3302300
3032300
3030203
3330020
3300023
3300302
300002
3332
2000333
203300
320003
2333
3303203
230300
3002300
303233
3300020
2033330
3230030
230000
203003
323330
3332030
332033
3303020
3323003
2330
2033
3030200
3300320
302
2003003
3230000
323000
3302330
2300
3300002
3030302
2030030
302333
3303200
3033203
3003332
330032
333320
2000300
2000033
3020030
323303
3002033
300233
3003323
3330002
3333002
303032
2303300
2303003
3323000
23
3023003
3020300
3032033
3330203
3303230
3330302
3300332
3030332
203000
3303320
3033023
333302
2330303
3233030
3032030
300203
3302
3333200
330230
3330320
33023
303002
300032
30302
230003
3020333
3000200
3003302
33200
2330330
2300300
3023033
23000
20303
3002030
2303
330023
3030032
3203303
3323030
3023000
3023030
2000
3003233
320
2003303
332300
32333
333200
332
2330003
2303033
2000003
3020033
3200
3003032
3000032
3033320
3233000
3203300
3320300
3020003
20030
3032000
3230
3000323
300023
2000000
2330000
2033033
20
330320
3023
3203033
3203003
230030
3320030
323300
332330
32303
300332
332003
33320
323
33302
3032
3302000
3302303
3000230
33233
3303032
3200030
3032303
302330
302303
3003230
330203
330002
30002
200033
320330
2003
3003200
300323
3300032
3033302
33332
3030002
2003030
200030
323033
320303
302000
302003
3000320
30320
2030000
2003300
203333
3320033
23333
3002303
3003320
33002
30332
2333300
2300030
2030333
3020303
333203
303230
3020
200330
3030323
303320
3200330
233
333020
30020
303203
2303030
2000303
323030
20330
332030
3033200
303200
33203
333002
320033
332000
3003020
303323
23330
20003
32030
3300233
30203
203
3003023
3032330
330332
3030023
2300303
2030330
2030003
2003330
23303
3302003
3030320
303020
303023
320300
3230330
23300
3332003
3003002
330233
2333030
2300330
2300333
20000
3320303
23003
32033
330020
2033300
2033003
20300
33230
30230
333023
2330300
2030033
2003000
2000330
3303302
2303303
3230003
3200003
332303
30023
3000002
3330032
3033032
3020000
32000
3330200
3333020
3000302
333032
3230033
200300
200
3030233
230
3330023
3030020
300302
2330030
230333
320030
3302033
300320
33323
3320
30233
2330033
2303000
2030300
233300
230033
203303
302030
303332
3300203
2300000
2300003
3200333
233003
230330
203030
3300230
3030230
3330230
3000233
333230
3033020
2
330323
3233300
233030
200003
3320330
323003
20033
302300
3303002
2003033
30323
3200033
3320003
320000
3033002
330302
30032
2300033
2000030
203033
3002330
3000020
3203
2333000
233000
3323300
3020330
20333
3300200
30200
300020
33020
2033000
233303
3303023
3002
200000
200303
3002333
32330
2030
3233
3023300
2033030
2030303
3203000
203330
32300
3033230
330200
3230300
3200300
3023303
23033
3032003
302033
300200
2003333
200333
3302030
3000203
33032
