3300202
1300033
3030310
302020
100033
10333
4000033
3130300
1303030
2002030
130000
310303
3200002
310
10000
32020
33010
4003300
3031300
2020003
2003302
1003030
430003
133003
220300
320320
330031
34300
30310
3400300
1333000
2302000
3300022
2030302
2020030
330310
303013
31000
4330000
3300004
2023000
2002330
303004
13000
30340
20020
2230000
1000033
133300
233200
22303
3100000
3023020
3003400
130303
203200
300403
200023
3322
3300010
3000040
403003
340300
202033
300430
20302
4300300
2320000
3230002
3030010
200302
30400
13
4003000
3130030
2002033
313300
332002
300310
2332000
2203300
103033
300010
30322
1303
3310000
3133000
2320030
3202300
3022300
3003130
202300
301300
30430
1303000
2300320
3200020
2030032
3000400
3000130
103330
20200
20002
3034
2320300
3100033
3040000
2030020
343000
320002
4000000
3203020
2032003
3004000
232003
13030
3001
3220300
3200023
2023030
1030030
3003004
3000022
322003
3320020
22300
32203
3310
4300030
330040
130033
103000
32320
33040
1000
3203200
3010000
3022030
400030
3301000
2030200
2020033
331300
310030
203032
300040
3100
2032
433
4000300
3001303
2002003
302230
100333
200002
3303010
3020302
2003020
200230
23200
2233000
330130
202000
100
4000003
3010303
310033
303202
300130
300013
33310
3100030
2300023
2002303
322000
301030
40003
10033
3230200
3301300
3032020
220030
3340000
3200230
1003330
310330
330004
100303
4000030
3300013
3000013
303001
13303
30304
3400003
3320200
3300001
3002032
340003
130330
203023
30232
3013030
3020200
1030330
3030022
3003022
230023
202303
1300
3430
3300100
2200030
3030202
1003303
313000
303022
3040
3400030
2203003
3031000
3033010
2030002
2002300
2003203
322300
3300130
3022003
400000
333001
40300
4300
3202030
2033200
3002200
23320
10330
3103
3330010
2302030
3013000
3030040
3020023
3031
3202000
3302002
3200200
3000010
2000023
202330
2300032
3023002
2030320
220330
32230
30022
3400
33202
33004
30220
1030
3130003
3100300
3034000
1030303
3000223
320032
300400
300220
23002
3304000
2200033
320230
300202
223
3220000
3200032
331003
10003
1333
2302
3100303
1330300
2000302
310000
200320
100000
403030
100330
30100
10
3300310
2020000
203230
33400
3223000
3300031
3000133
313003
303010
300031
313
22
3200320
1033300
200032
300034
31300
33013
3130
1300000
3022000
2020330
3000430
303400
13330
30133
3300220
1033000
2000230
403000
43300
31303
3303001
1003300
203020
1300300
430300
30313
3003100
400003
230302
3000043
130300
330100
220303
203302
202030
23302
30223
3000004
323200
13033
3330100
1030033
1003033
232000
304000
301003
2320
3133
232
1000003
331000
233020
200323
3103300
2033020
3010300
3030100
3010330
2000323
334
3010033
3001330
3002023
103
1033030
3000340
323020
303040
303031
300313
2230030
3302200
43030
34003
2002
133
1
3000331
133000
320200
230002
22000
22330
2323
3300103
330400
40303
33031
2300230
3020020
3001003
304300
203320
203002
30043
3103030
2302003
2200003
223300
4303000
4030003
2032030
3000034
3000001
340030
303130
200332
23230
23032
4003003
1300303
1030003
3003013
4033
3000301
340000
30301
2330020
2030230
3002203
32302
34
3004030
400033
300223
3002320
3000232
330013
300100
3340
3232
3331000
2230300
1303300
3200302
303220
200200
430
400300
230320
331
4000330
3020203
30130
3033100
332020
301000
3010
202
1300330
1030300
1000030
332200
34030
2230
2203
3310030
3220003
3010003
3004003
331030
320023
3130000
2033002
202003
22033
3010030
223000
303100
3330001
3040003
3023200
3020002
430030
232030
313030
103030
302032
20230
20203
1330030
3043000
3013300
2330002
3203002
3030301
2000002
304003
30403
43
2323000
3003103
301033
30031
4030
1330
2300020
2003320
3001030
220000
300322
33103
23023
30040
20023
30001
1000000
2200330
32023
30103
3430000
3300040
1000333
103300
200233
1330003
3002302
2000320
2000203
300103
33001
3020032
3003220
3002020
320203
302320
200203
20320
30034
3322000
3200203
1300030
3020320
2003002
3000031
330001
3313
304
1030000
3003010
3002002
304030
301330
2233
340
4003030
3310300
3004300
3000322
230203
301303
3331
3301
3013
3000310
310300
220033
300001
322
3230020
2300002
3033001
233002
10303
3304
343
40
4030000
2203030
2020300
3030400
3003031
3000313
430000
300022
33130
2020
3302020
3003202
3000100
3003310
3003040
2000032
400330
130030
40000
31330
10030
3403000
2303002
2032300
2003032
1000303
300340
300301
23020
4033000
3301030
2030023
3030001
220003
3202
4
2320003
3000403
20233
30202
3220
3031030
133030
330022
300133
13300
4000303
2302300
3100003
3032200
322030
32002
20332
4030300
3400000
2200300
3030220
200020
100003
31003
3403
3223
3310003
2023300
3003301
3000103
433000
330103
300004
20323
20032
3313000
3031003
10300
1303003
310003
32200
33022
3301003
3300400
3040030
403300
320020
130003
43000
22030
4300000
3320002
3032002
334000
103003
300043
31033
4003
2002000
3000304
320302
302203
33301
302200
300232
33220
1003
2300203
3001300
3002230
3003001
230200
31030
3004
301
2300302
330220
203203
302023
40030
34000
403
4300003
2330200
3103003
3000220
223030
30013
2020303
333010
330202
40330
1330000
3103000
3300301
1300003
3030031
43003
33100
23203
30010
3022
2200303
2003200
1000300
3303100
330301
22003
130
220
2303200
1003000
3001000
32032
3043
1033
2230003
2032000
1033003
2003023
232300
330010
303103
31
2200000
2300200
3100330
323002
30331
3030103
230230
100030
30004
2332
2203000
2023003
3030004
333100
230032
103303
2023
3220030
3013003
3030013
2003230
3001033
2000332
230020
303310
302302
300304
13003
4330
400
2000233
303301
302002
2303020
3040300
3020230
1003003
4303
2030203
2000200
2000020
400303
223003
100300
300331
2200
4030030
3232000
3202003
3030130
1000330
3000202
40033
4000
