3101010
21
110004
14001
21012
1104
4200000
2030001
2000301
1011201
2001102
111120
1010031
200112
121011
1002201
1000140
110031
3102000
3021000
2022
201210
2210010
2102100
103002
101400
21210
400200
4100010
12000
120
1110201
1210020
204
210201
2001030
1100013
32001
211110
30
3011010
10200
114
11112
3020010
201030
21030
1001112
102003
1014000
32010
1010103
1020021
2001021
113100
100131
31011
1011
3020001
1003002
23010
20103
1101201
2001111
101040
11220
110010
102012
30111
2022000
2010030
1103100
4001100
1001301
21120
10113
3000120
3021
1000041
2000001
2400
102201
2110200
30030
2001000
1001013
30000
1212000
2100120
2100201
100023
1010202
20010
2220
1013100
1001310
113001
1200111
2100210
1012002
10203
22101
2300100
3200001
201000
113010
1200003
100101
12120
2300001
2101200
1201101
4110
4100001
4010001
40002
1001004
1020030
1101030
132
140100
2001300
1020012
2002101
2110110
31110
100302
10023
1100121
110211
1200030
3000003
4010010
23001
1010013
11031
2002020
301002
1020120
122100
1021110
312000
200400
300021
30012
21102
2010003
3030
1000203
210
120021
130011
100401
1140000
1101300
1000032
3102
230100
1300101
2012010
12201
1221
2100003
1201200
2031
1200000
2000400
42000
1122
410001
210021
1102011
3210000
2101002
2013
201102
101010
2000100
100410
2301000
240
140001
1310100
1040001
23100
213000
2121000
120300
3110100
321000
3120
2111001
1400100
311100
1021101
11013
112110
1000212
220002
211200
311001
110130
1120101
1101012
10122
101121
300300
203010
3002010
13020
303000
114000
100011
10110
200103
300201
1032
140010
221100
2002200
200040
2011002
2001
2103000
330
222
1000311
310110
1131
3010020
202020
211101
3100200
320001
204000
102030
13002
1001220
1110300
1210101
11301
3110010
1001130
103020
2011200
1230
411000
4200
101211
2020200
300
1000302
21111
1120020
22200
1001031
201
400002
100020
1010001
301011
420000
1130010
10230
2010102
2010012
121200
1410000
220020
122001
202101
4101
2310000
1301010
1100010
103200
300102
1200021
1001001
110022
100311
2102001
1003011
104100
11010
402000
2001120
4002000
2000031
1010301
3010011
111300
1112001
123000
2112000
1101000
3101100
1110102
2300010
3200010
2201100
1100031
1001103
100104
4020000
2202000
30003
200301
3001101
1101003
1012101
1221000
1201011
40011
1300110
100203
321
1000014
1211100
1110210
1012011
2120001
1104000
1001211
1300200
1320
112200
2021100
2103
110301
1401
2200101
1021020
11040
120111
1100220
1004001
101220
14010
2111100
1101021
1011102
20121
1010112
3012
100110
1000101
1140
1300020
1030002
30102
111021
2101020
201201
20211
4000020
1110030
2110020
3300
1013001
20031
400101
1201110
12210
11103
1320000
4000110
2020101
3201
101022
1010121
2220000
2400000
1010310
102
3002001
1112010
1211001
2110101
100212
14100
1200102
200022
203100
100002
1002021
230010
1103001
2100102
2012100
110103
33000
310002
3002100
2102010
200310
103011
1032000
1100022
1003101
310101
10014
2200020
1031100
111102
102021
1212
1100100
211002
1400001
2210001
1201020
3001110
1000401
141000
202110
102102
41010
20100
1001400
1001040
301110
1011021
2121
200031
1010022
201111
3000000
200220
401010
1211010
1101102
201021
10104
1010100
2010201
100014
1203
220110
101100
13110
302001
200001
210000
1030200
220101
104010
111201
31020
2004000
1202100
2100
400020
3111000
101004
1002000
1102200
401001
121020
132000
1021200
231
4000101
13200
1031010
1010010
1121010
121110
222000
2003010
2000013
231000
302100
200130
200010
21021
2100300
1040100
1013010
20400
10020
110202
3011100
1111200
2030010
131001
100122
11202
2031000
1110003
3000
4001001
22002
311010
100041
2112
2200002
24000
1111002
12102
1030020
2003100
300210
1300011
10140
120003
4020
1113000
2000010
1040010
312
24
212010
11310
4101000
2120100
40200
1022100
100113
1131000
30300
320100
2000103
1010400
1020
111003
31002
2120010
40020
1122000
202200
210120
12021
2210100
21300
20310
1100211
1301100
1112100
1110120
3010200
31200
1031001
1200
303
2010120
1001022
131010
130110
2040000
12300
1100202
1010130
2202
2000112
1000011
20112
1103010
2100021
2021001
200121
1002030
2201001
3100110
2010021
1003110
1001010
300111
11400
1302000
220200
1200210
211020
1100112
3201000
1002
10410
0
130020
2002002
1311
10302
2010
110310
2110011
2130000
3000300
1022001
110100
2020011
401100
240000
4010100
1030101
4002
101031
2100111
1010004
103110
2101110
210111
2020002
3000201
3000021
11130
31101
2000211
210012
1020000
3001002
2100012
200004
11121
3000030
2020020
100200
410100
1101120
10212
300003
1102002
30120
1102110
4100100
210300
2201010
100221
1200300
1120002
2000310
1011300
1101210
1021011
2021010
1410
3001200
1000200
1012020
131100
100140
111210
310020
200100
1100301
2000040
1000002
1004100
1000221
40110
1113
301101
300000
3020100
230001
200211
1200201
1110
112101
2100030
3100011
1203000
1210002
2012001
2001210
120120
1120110
101013
1001121
101112
3210
10041
3300000
2200200
100230
12030
213
1020201
3010101
1302
101301
1311000
3012000
10101
10011
1003200
2200110
1002102
2004
212100
100320
2000130
2000220
1000023
1001100
1111020
1201002
10320
4011000
1000320
3000102
1100004
110112
1021002
400110
1041
300030
1010211
33
1010220
2001201
201120
21201
1202001
402
103101
1101
302010
1102020
101202
4000011
1022010
1020102
104001
41100
301200
20013
2040
1310001
2020110
3010110
2000121
2211
1200120
112020
130101
101130
2010210
1000410
1401000
3011001
20220
20001
420
102210
111012
102111
1220010
1011000
1002210
1110000
201003
30021
101310
11001
411
300120
1102101
2010111
112011
3010002
13101
3030000
130200
1100103
1041000
21000
20040
1000122
1300002
3100002
130002
3003
201012
2002110
1000104
1002300
20301
2301
2001012
110400
1210110
22110
210030
1310010
200013
2000022
42
220011
20022
1000110
11022
2101101
202011
10401
330000
1003020
2130
1023000
1002003
110040
2011011
11211
1120200
1020003
3
122010
212001
10131
120000
10032
1004010
3000210
2001003
2000202
2000004
1010040
410010
4011
1014
201300
101001
310200
2030100
3101001
1230000
1301001
1011012
2310
202002
2011101
30201
123
210210
2011110
1220100
1100310
120210
1210011
2211000
1000020
100032
2011020
12
13011
10221
4110000
4000002
3001020
3100101
2111010
1020300
203001
200202
2002011
1121001
1400010
1130100
1220001
1000113
121101
2100000
20004
120030
210003
1002012
3111
111
3120000
1002111
3200100
3100020
1202010
22020
1023
1100400
1000230
1100040
210102
110001
1011120
102300
20130
41001
1001202
112002
120102
1100130
1011003
10002
1121100
11100
3110001
310011
40101
22011
3003000
20202
12111
12003
3000111
110013
32100
1130001
301020
1200012
3000012
221010
1030110
121002
11004
2010000
1100001
101103
2101011
300012
110220
4000200
320010
4001010
1011030
1030011
1011210
3001011
102120
141
1210200
2110002
30210
1120011
110121
120201
102000
1000131
1012110
12012
1020111
2013000
111000
111030
221001
1110012
211011
1012200
21003
1020210
2200011
400011
120012
10311
2003001
1002120
1110021
2010300
