10032
114000
121020
121002
20121
330000
2102001
200001
111
4000200
2000013
1030002
1140000
230100
2210100
3110010
401001
210201
3001200
2000220
210021
2120010
1210002
20400
3000201
1310010
2201100
1010022
1000230
102012
1021200
1000212
3100020
130200
1010310
20112
11004
10011
301110
1032000
104001
300003
2010000
12012
200202
11013
240
321000
2130
1003200
2400
310101
1200102
113100
2013000
1100202
101040
2000040
1202100
1300110
20103
212010
3200010
1030020
1130001
2220
3001011
10113
1410
1212000
3111000
1030101
40011
1022001
1002210
3000111
3200100
1130010
110130
1302
321
101310
1002
120102
201012
14010
10212
10014
4002000
1010301
2011002
1041
220002
1021020
3010101
3001020
1110000
31020
300030
2100021
110001
3100110
1002201
200010
1020210
1001004
22110
10221
4000002
1100310
1100220
1200012
100014
21021
1011
1200030
30300
2001021
201
320100
1010400
411000
11400
3100002
1220100
1002030
100302
2003001
42
1101300
200310
140010
11022
2300010
1220010
1014000
213
1000221
1300101
30201
20040
1023000
4001001
2010030
2020020
1101003
1022100
1300020
100011
2021001
212100
400020
41100
200220
12000
123
111003
4010010
1003002
3010020
4110
120000
21003
1104
2301000
1000032
1130100
12300
2000301
2210010
1001013
221100
201120
3300000
1320000
2100102
1300011
12120
1100010
1040001
3210000
2103000
2101200
20130
4100001
2010300
120210
1000002
2100120
1301010
13200
1020102
20001
1000014
2022000
2001300
1012002
30120
2211
1230000
4101000
40002
210
2201010
200031
22200
23100
3010011
20004
14100
201003
200040
10110
114
1020012
1001301
210210
20013
201102
3011010
110040
400011
211200
120120
2100300
4011000
23010
200121
400002
3020010
3002001
121200
21102
33000
3020100
1004100
3102
110220
3030000
1040010
20031
2022
402
3000021
1210200
1010040
1001202
3120000
1110003
4200
2001
21201
1110
1100001
1311000
202101
1001400
1002102
122010
2112
4020000
2200020
2120001
103200
20100
101130
1000200
200211
2013
212001
2000130
301020
2100
222
231
102000
103101
303
1401000
200400
24000
101004
2000031
2001003
2002101
1000311
1300200
1310100
100230
1031100
22002
4000101
1113
231000
210012
1003020
300012
3000120
1200201
1100004
130011
2030010
1100103
300120
100140
1000302
2103
10104
141
0
1410000
100212
20310
301200
302001
1001310
1203
101400
320001
4010100
2210001
10200
1102020
2012100
2012001
3000210
2000001
3101010
1001022
1000122
210102
103110
3003
300021
103020
1102002
2020101
2002020
30021
104010
2120100
2200101
40020
22011
312
12102
4100100
1004001
11010
21012
1011000
3001101
1041000
110301
1010130
3010110
2200200
213000
1030011
141000
3201000
2112000
12003
400101
13011
10041
230010
1103010
1012200
2300001
402000
300
2101020
2011020
3100200
130101
1000131
103011
2031000
1001010
10311
2101002
203100
120021
2000004
1311
1010031
1000041
1104000
1003110
102120
300000
303000
2001000
201300
2010210
1001130
31011
2100000
3003000
2000400
204000
2030100
1401
113001
4011
1000203
1113000
301002
320010
20301
1002003
2010003
3011001
300111
300300
101001
220200
1230
12
11202
1301100
1031001
2000103
2021100
4000020
300210
1021002
3001110
2130000
311010
230001
201030
2021010
220011
101013
2200011
310011
100110
203010
1200120
100131
2110002
1301001
102210
1101
2002002
2000022
420
201210
202002
20220
1100031
30210
1010202
2010012
1200021
1103001
2040
410010
4100010
1010004
221001
220110
12201
3010200
1000320
201201
1200003
1300002
210000
310002
302010
1001040
2310
204
411
42000
1020021
132000
1004010
3200001
1000023
1302000
131010
4000110
1011030
1220001
2031
1221
1020030
240000
1200300
102021
220020
4001010
1131000
14001
30
211002
40110
1120002
10023
3021
11103
4020
2001120
1201002
10203
11031
1030200
2202
31002
1000101
1022010
1122
30003
2030001
102
10401
1200210
1010010
4002
41001
1012020
1010100
200100
2010021
31110
1110030
3101001
3110001
1100130
2100003
210003
2102010
2010201
1010001
2001210
1003101
110022
3001002
1400001
21120
1201200
1001031
202110
100221
202200
32100
120030
201021
10140
1131
3011100
110103
21300
311100
11001
1000020
130020
12021
1014
3002100
202020
30102
112020
3000000
110310
1002012
110013
100401
1100100
2000310
13002
4000011
1202010
2201001
1203000
330
131001
101202
4101
111030
1020003
2000121
401100
104100
3000003
1100301
1001103
103002
3012000
30000
221010
11100
31101
13020
1013010
2020011
122001
210300
300102
110010
2000100
22020
222000
2010102
132
1212
3021000
2020200
101100
3020001
2110200
40101
10122
1201020
3201
110004
1210020
12210
100203
3210
130002
203001
100320
1010220
1020000
2000010
1000401
1001100
3120
3012
1002300
101010
2001030
2003100
410100
100101
11310
2100012
10131
4110000
2011200
10020
22101
300201
3110100
1000104
110202
2010
1000110
10101
1003011
13101
2020110
310020
120003
1101030
31200
111300
310110
2100030
101220
112002
100041
2003010
10302
3100101
101301
4010001
100311
10320
2100201
122100
21210
2121000
1000011
120300
113010
100113
3000030
3010002
2002011
1020300
1000113
130110
1200000
1002000
1011300
1140
400200
23001
2000211
301011
2012010
1031010
1000140
110031
2200110
1020120
102030
2220000
1100013
2300100
100200
100410
100104
120
220101
33
1120200
120012
2040000
302100
20010
102300
40200
1000410
140100
1013001
1032
420000
100002
1100400
1100040
200004
211020
1110300
1120020
101022
1221000
100023
11130
3111
4200000
2002200
102102
101031
4001100
21000
112200
311001
200013
3000
1400100
1002120
131100
1100022
1040100
1020201
30012
210030
2200002
2000202
2121
21030
2010120
2000112
202011
2102100
100020
2001012
2202000
1122000
10410
1102200
1011003
2002110
123000
1010103
2301
2310000
2004
410001
1002021
2100210
3030
310200
140001
3102000
200301
1010013
200103
200022
1013100
32001
20211
3
110400
41010
3000102
10230
210120
2110020
2001102
120201
11220
32010
1200
400110
200112
2020002
3100011
102003
12030
3300
110100
102201
301101
201000
2211000
1320
1001001
3000300
1030110
21
30030
100032
111000
30111
1202001
1103100
24
11301
11040
2400000
1020
101103
1400010
200130
20022
1001220
3002010
13110
2001201
100122
3101100
10002
312000
1310001
1101000
2004000
3000012
20202
1023
401010
