303003
33330
3333000
300000
30333
333
3303000
3000030
333300
330330
330003
300030
3003
3300000
3303030
3300003
3030030
3000003
330033
303033
3030
3303300
3
33000
3300
3330300
3300330
3300030
3003300
300333
300303
33033
3330000
3000330
333030
330303
330030
300330
3303
3033
3030330
303
3300303
3003303
3003003
33303
3300300
3030033
3000333
300033
30030
3000
3000000
3000300
330000
30003
33
3030300
3033000
3003330
3000303
3000033
303300
303330
303303
3330003
33003
330
303030
3003033
333000
330300
33030
3330
30
3300033
3033300
3003000
30000
30300
30033
3330030
333003
300003
3003030
3030000
3030003
303000
33300
3333
300
3303003
3033003
3030303
300300
30330
30303
3033030
