30101020
103201000
30002011
100123
212001100
110031010
110012110
11211100
1211200
120100012
113001010
210200101
1300300
1000300
201001120
311200
201100120
300000220
210300001
101300011
201000013
1310002
23100001
10001020
20001400
30012010
311100010
200202001
100200103
10400011
1100221
400000030
302101000
10102111
210021100
1300
123000100
10120003
2131
10031020
10001203
201040000
201110020
1100140
110023000
101002003
111010
11310010
200031010
1100020
101200111
1041100
100203100
142000
140002
1020100
200201110
130010011
20210011
100400002
10011202
2200210
30001102
101012200
12004000
20010013
220020001
301000210
210011020
201000031
110100121
111001012
31002001
10200310
210020002
210000211
10021210
1100122
30010012
202000000
110201020
2030020
1111030
41020
100020121
10020100
130210
101110111
31000111
14020000
101001112
2001220
200310010
200200
111022000
222000100
2211100
2203
100002121
110210020
10020130
100400011
1402000
102012010
212200
100010014
2211010
110122
101001004
230000002
2111200
30020020
220000120
2200030
41110
12200200
10101031
200300200
301210000
102310
12110002
1021210
13010110
1031020
23010100
300013
100100011
100011310
21102100
220000210
20000221
120010030
12100003
10401100
20221
101111110
140011000
100013011
120110101
100130011
102040000
100130200
10121200
13001020
310110001
211010110
100000030
103101010
121000012
230000200
303001000
20200021
210220
102001000
101122
102130000
231010
100300
111000400
1110040
13200001
300031000
20010130
12111001
112000012
202001101
133000
301210
1010041
212020
12121000
20003020
110000212
21010030
11000023
101010112
112012
20210110
103000003
300013000
2010100
100230001
11100121
22200001
4001101
101002012
200300011
10411000
3100000
201010021
100000330
30110101
200012200
222010000
132000100
120220000
20111011
2200000
200013100
211210000
200103100
210210001
3120100
20103010
221001001
121101100
3211000
20101003
2002120
101100400
102201001
200110111
20030110
113010010
400000012
102102100
210003010
11400100
1121110
20210002
2001022
200301010
20320000
1400110
41001010
302010001
1031101
140200000
101220010
210001012
101302000
1030300
102000211
111201010
200001031
122001100
310001020
112110010
10401001
32200
313
1022011
3111100
100210000
132010
11201011
301110100
10030
4021
110101210
1101130
110212
110001121
101101030
13010101
22011001
10030201
10112020
103020100
310003
210011101
201101011
41101
20020210
110010301
421000000
330100000
12013000
20011102
13110100
100201012
201102001
2110
10213
10041001
110001004
402000001
1003000
12012001
13200010
22002001
2101030
11120002
103011010
200020012
200020021
40000210
110200003
201200200
30010120
100100410
30021001
103021
103003000
122000110
30000013
3002200
101003110
112300000
120000040
1240000
2200021
1330000
111002110
21021010
1001020
221110000
110104000
100200013
101140
100113010
11212
21300010
22010020
100300111
110000104
20101021
10002022
102201100
200211001
100111021
4200100
400021
102301
21400000
20002111
4100020
2021002
210040000
3100111
10000330
101010121
100011001
2100013
203020000
210200020
221011000
110110003
301
110211010
1120012
200320000
310100110
41020000
30000040
3301000
101030002
3101020
110032
310111000
203000200
103201
11220100
10003201
400000
220030
200121010
11014000
30002101
210101002
1420000
21100102
1011001
110111002
211010101
1120210
10020013
11220001
100312
40000003
111300001
111200011
111101020
2102002
102121000
100131100
110001400
311010010
10012210
101002300
100230010
100100230
111100030
321000010
101100211
1210120
23002
100011301
20100400
10120210
4020001
321100000
110211001
121210
21010012
2002
111220
11000203
401010001
221200000
120000310
4300000
201300100
201002101
110102020
40010101
211100101
110021110
212010010
4001011
21021100
111301000
101103010
1110130
10011022
104000002
3002110
2131000
110100400
111210001
12201010
20210101
20010040
310100002
121010110
102210100
2104
11001211
40200010
30013000
130110010
20130100
2310010
202000021
22100200
100220110
100022011
20020
11221
13210
102210001
320000020
200000302
2201002
11012110
10201021
10002112
10000102
1303
10100320
104000011
2320000
30112
12001030
20100100
11220010
200002210
30040000
102103
3201001
132001
120003010
14010100
320100010
40120
31012
11031100
110310001
400012000
121001110
202002001
2010400
11002210
22012000
401001010
141010000
10011211
1213
210100021
10021003
10121020
13111000
30001000
101000212
100020301
210000010
2104000
11001220
1100110
10002202
1311001
1101202
402000010
10300
200100001
11102200
141100
130111
2000203
1020130
102201010
12101020
201000010
2011000
12120010
120112
10000000
101013100
1011013
211021000
10130101
1003300
100110031
10100011
22001200
110200030
130002010
200002120
302100100
1001410
2410
100002031
20101210
320000101
300001000
20030002
30001300
104100100
1111003
210100120
201100000
113011000
102010111
2120020
111121
1201111
10021102
11020201
120001111
120000202
111010120
110110201
10001104
200200111
200112100
10101010
103200100
220300
3013000
100040002
100212001
21202
110020102
310102000
220102000
102200200
3000211
22000012
100300000
121110001
120001012
104010010
2011030
100101040
11310100
33001
200021110
112000000
140101
102010000
301020010
200031001
302200000
110300200
200002021
10103011
12000004
220120
110012011
212101000
3000103
111310000
101311000
320011
200100202
11030101
11002030
211102000
211000111
1021
100010302
11041
1011010
20130010
20210020
120102001
210000103
102010030
201210010
21310
201201001
1111201
20012200
2000200
202100011
10240
112020010
21111100
201200011
20014000
10000222
13100020
100101013
200221
20010202
202030000
32011000
1102102
10120201
2202010
130001020
100004200
22201
300010210
210002200
10000141
11221000
101000023
11100310
21001201
210010
203000011
200203000
11002102
30010111
1321000
4120
1100002
2210002
1010212
112001110
30100030
1003021
22001101
121001200
11020111
1010401
101100022
210210010
10010014
20000032
202012000
202010110
4110010
113110
10012003
2012101
120004
120001030
1303000
210110110
3011020
100102300
100012000
110120020
11230
203000020
110401000
20201101
110100013
12021100
30101011
110121010
10002121
30220000
40100002
100023100
214
310021
102022
20310100
101200003
111010300
3220000
12130000
1110202
11203
10203100
211003000
20200000
20003110
1000000
201101101
10100221
24000100
4002001
110311000
10030003
210000001
220110001
2010010
101001031
200410000
400010200
400100110
100110040
101201002
10010140
220000111
201400000
10022002
10000213
200011300
2002000
2011300
300220
210310
41101000
110001130
102000100
13201000
410001001
101002
2210101
12022000
213010000
101030110
1131001
1003012
103200010
23101
100011010
1103002
304
20200210
300000130
21111010
2100211
20221000
101300101
110400001
1021120
12002020
301000300
301102000
31200010
14010010
11010121
131010010
30102100
110101120
121020010
122200000
3020200
1103101
1031200
10001101
122010010
300100000
2000002
10200004
10030102
120010003
12102010
100024000
101120200
141001
11000122
1012120
11040010
110030110
101230000
102202
101103001
101200210
20300002
401110
221010010
10031200
330010000
142000000
103001020
30010
100102201
210010210
201020002
200100112
100100101
11104
100210
102100210
100003030
210200011
100200400
40
101200120
110000410
1003003
1110004
112110001
101101102
1011022
30031000
3100003
320200
10110211
113020000
10111111
131010100
10303000
30002110
2110030
21003100
10030021
201111010
312000100
2102011
100001200
100012201
1010410
104001100
103000120
20000002
120000112
203100001
21002002
12000013
2101201
211101010
30000103
2110201
110002111
4100002
1120300
111004
101021101
40020100
130001110
200020000
21001003
10120030
12020002
21020110
200000014
20101111
201002011
10101040
2012002
202200100
301002010
2000320
201000112
13100011
30022
201010030
120100111
30210100
120020200
110111110
30102010
2201110
102010210
400030000
300201100
12000103
101022001
122001001
110130100
101010301
1210102
30202000
3013
112201
23100010
113000101
100310020
303100000
3300001
110130010
200010121
11113
111301
1021111
40100020
102103000
410020
11100040
200000401
220020100
20113
200011012
11022100
10013101
101003011
200120110
300100
12031000
10200112
211030000
100130101
210110020
11020030
204000001
20101012
1011301
103000111
32001100
111021100
100001401
201100012
10011220
300011200
312001000
100100320
211001002
310
10212010
111120100
104000110
102110110
1222000
12310000
1102003
21000400
122001010
102000001
302020
10000
110101012
301011001
101000122
400002100
100003111
100011103
140000200
110400100
100101100
310001110
203002000
201010012
30100012
114010000
20410000
2112010
131011
11101300
11010112
410002000
240000010
2101210
100021210
20032
100121011
12010201
101140000
41200
100211020
1020400
10100110
110020201
110101111
100320010
102000112
1401100
1110013
101100010
1001104
141001000
110001310
120200200
220000201
21121000
101003101
100141
2020
200020003
40001110
12020101
113010001
102001030
2110003
301120
310102
101130100
101012002
30001111
3030100
1100230
2110012
102110020
101001100
1002220
11021110
100041100
100000111
30020200
100310002
200113
100001104
412
10021030
30103000
210010000
300010201
132001000
202001020
211001200
1121002
20010004
200000230
401100100
11013010
200001013
1112110
200200201
100001023
10012030
13100101
320002
13
1121011
42001000
102100120
1000033
211000201
3130000
4100110
330100
1102
1201201
130012
122101000
120400000
102100201
220100011
21110101
3000202
101001121
100012030
400010020
300000310
102031000
102120010
400000201
101300200
4000
210001300
200010013
100200022
10102030
2010004
110101003
101004010
20000014
100401100
401011
22100020
11020
110111200
221100001
40110001
10202101
2011021
120120001
120011011
103210000
10000003
102000121
401020
300020101
131001100
100100131
100012102
22000102
110200120
130101010
121110100
300001021
101111200
111300100
111210100
111211
11010010
302000110
300022000
11121001
200202100
1104001
120310
30130000
100310200
10001113
100101310
10121110
111001000
1200001
300000013
130002100
13001011
2011012
102100102
400002001
311010100
120111001
20121100
204000100
102101011
330001
1310110
401100001
310100011
11004100
101220001
10212100
10022020
20022010
20010031
11003200
110103010
13102000
112110100
2112100
100002022
11010100
301111000
300020110
31100101
102001300
103000210
111020020
10131010
2121010
100300003
123000001
1030210
12011011
10110013
201020020
101001013
100110310
2400100
410100100
22003000
101220100
11100400
11100022
240001
110002021
212110000
11110003
101021110
200110021
211010200
20000011
21110011
100021111
200200000
210121000
101040100
101002030
11030002
20122
101102011
31001020
230001100
100141000
10010200
200010022
13101001
30010201
110001220
110210011
11002021
110001031
30200011
200100040
30000301
111101101
22010200
10200001
1000210
320020000
203000110
20110021
40102000
201211
1000111
100100221
113200
301101010
120103000
113101000
30300100
110003020
20001013
121021000
20110111
213100000
200110300
2001001
101002210
21040
102200110
100004011
13002001
2010040
302110000
120013000
10300201
11001202
20013100
201021010
310201000
120030001
210003001
110000122
30121
21210001
300112000
201010003
111010021
21120001
1002301
210001030
3110200
100101001
201110002
301021000
10101211
21000103
10013002
311100001
121100011
201301000
201200002
101000131
10103020
1012000
11201020
411000001
110001112
22000120
210001
100400020
3100102
12031
131000101
1022200
200103010
1013002
11000401
11101
40001020
110002003
1111000
112200001
121002100
104000200
100101103
120400
10012120
11112001
11020120
10110112
201111100
311000110
110003002
300003010
300101011
210100102
120130000
103020001
3010030
100032010
200013001
10120111
30000001
103110100
311010001
41001100
2030200
3002011
3110020
112100011
11301100
3100
120010120
210000112
10010104
121101001
1000240
110210110
10031011
10230010
410010100
200004010
1010023
101201020
111001021
100012021
110030020
102000040
22000
1101310
10110040
320110000
102000400
31011010
14000011
12400
111100201
111011020
131000200
220021000
102000010
1112011
11101012
12030100
11013001
300002110
211010002
101111020
103102
302000200
32000002
24001
2311000
10210120
230011
410110
100113001
20012002
101002201
301000030
30021100
120020110
200102011
200010040
11103100
111001201
110010004
130200010
120020020
201000211
112010002
10221010
1201120
1012021
120000100
301001200
21200200
1042
11202010
10320001
411100000
1000114
120301000
110110111
120010210
13101100
313000
100311010
410000020
202300000
21001
4021000
1320100
100001230
20201200
210000130
102000013
111013000
301200100
3010111
101001130
111003100
20022001
100031110
231000001
3120010
100042
200010130
110111011
14001010
100012111
1014010
40002001
401010100
300100111
10031101
3100030
102211000
2002210
211300
13120
110401
222000010
120000400
2102200
1000123
100200202
100000012
1012
13002100
2110021
20001103
100130002
11300101
312010000
2000221
102020101
1100023
1011121
3031000
2140000
121110010
20001220
211200010
12001210
2103001
300011002
140000002
112010200
21200011
12000310
200000110
100021003
220010011
200401
100110121
11020021
101002021
310101010
110200300
220011010
200101
40000
141010
3400
100000102
410020000
130100110
120101011
3011200
200102020
100321
130020100
21120100
110131000
2200003
200201011
1210000
300020002
100011400
130021000
210022000
31010011
2011111
100101031
111112
211300000
200000311
13000201
20201020
3210001
1203001
11202100
41010010
101200300
112101010
2001121
200302
100110211
11020003
230110000
40100011
2113
210022
30004000
102000022
210120001
21020020
200032000
32000101
140000011
221002000
20032000
120000103
103012000
33100
303000010
301010200
10014010
1020010
1001212
30004
42000001
100003120
20220001
20011012
10021
130020001
103010101
101020000
100022110
10121101
40101010
201201100
200101012
120000031
200410
111200101
3101110
2000101
32101
10130020
4003
10101013
200302000
310001101
201001111
11401000
10100002
1212010
10020040
3100021
110031100
121010200
100221001
101200201
41100001
12220
410011
210211
1114
4101001
201100003
103110010
110010211
103000012
1011100
100200112
222010
10101112
400020001
121120000
2010001
1000132
201200020
11011102
21000013
100201030
100000321
201020101
14011000
102101101
200101021
100002100
211
120002101
210000013
10001131
110202001
100121110
300201001
111021010
112300
13201
11010103
40000111
230010010
20120200
11300200
400021000
310200001
30111001
200020210
10120300
1110211
11000104
20201002
401101000
122000200
30201001
1003120
2020120
1011004
41010100
21000031
202020100
3000121
32002
11040100
10210030
100012012
111211000
120201010
20202010
212020000
312000001
210111001
200012002
222001
10010302
220300000
230000110
100001110
140000101
10003300
220001011
11000101
20400010
303000100
210101110
220012
210301000
121210000
121020100
3101011
310000
200032
401000200
300001201
12021001
1120000
12001111
1400020
12201100
13020100
300110101
131100010
20041000
101031100
2000020
31201
101201200
12010012
200101300
20300020
101000203
101101300
10132000
110102200
110103100
1100041
200111011
204001000
22002100
10320010
1240
101010001
10202002
20013010
100123000
100031002
110002210
1400011
10102300
10123
110131
10011310
320000011
400101010
1203010
100210111
103000
21031000
12011200
202101100
1130101
300100210
201310
100102120
12100
10210003
12000022
302000002
20004010
11021011
10110121
210000040
1100200
3000130
100131001
10220101
211100002
210030001
11110000
101113
40012000
121000111
210002011
202210
100002130
20110210
130000300
1311010
101010130
4110001
103011001
2000122
11003110
12100120
230000101
110201110
3000001
300012100
110010100
200100130
200010301
2140
11101003
111011011
10140010
31012000
30011101
231001
121021
213100
101100130
112101100
100302001
10301002
300000202
20011120
1001140
131200
12110020
10020103
13012
200112010
2003002
113002000
20201110
202100110
113100001
101001103
100100401
412000000
300100300
10002013
211000210
10101121
10301011
1000102
130120
120012010
13000021
100010032
10210000
11002201
100300030
120010102
110130001
20100022
101000302
3011101
231100
200210101
203110
1103110
11122
1201000
40011100
120001300
100010110
1204000
1024
230011000
100010200
311100100
211101100
230100001
20113000
120130
11201002
300130000
200002003
10011121
110040010
10102210
101011
1100113
201001
3002020
101000110
20001040
110212000
11300020
1101400
213000100
10300000
12000031
11022010
210010030
3210100
2000110
100002211
400111000
13030000
102400000
100132000
401002
111002101
20010301
12201001
301100200
20102110
1010320
1014100
10222
1020040
10104100
1202101
2100022
101110003
21201010
4001110
201200101
212000101
20000401
110001013
121100101
201001000
200201002
100010230
10002100
23011000
23000110
2010220
30000112
100000
11120110
2101
11000200
111000001
1110112
203010100
110310100
312001
202012
120002110
42010000
210101101
103101100
200010001
3121
400020010
110410000
2110210
20031100
20000041
31101010
11032000
100013101
200021011
301003000
20200003
1102021
1010011
101212
101011102
100030201
10204000
201100021
121200001
223000000
101003200
110022010
30030100
4100200
40100110
112120000
110011111
301002100
201001021
100010212
200020111
10141000
20020201
11113000
2110000
300210001
412000
211120
31030
200000101
110032000
1122010
20013001
10020001
200020120
21202000
2020300
202001200
211000021
110010022
41000101
102300100
120110011
2023
1000204
321001
200011120
31201000
210000031
21220000
210110101
110101000
421000
100121020
200002300
23001010
1301101
101031001
101001001
3301
10402
1200301
1030021
1011202
300310000
1010002
200220001
100014001
100001122
4001002
311020000
10000033
101002000
100100041
211020001
111100012
10220011
410001100
20003101
20000020
1101001
400000021
220020010
12021010
121000102
10110202
300001210
101010100
301101100
310020100
111010030
21100111
200120011
1400200
321010000
100114000
1120201
21011002
20100310
1201021
20302
100120102
120001201
100040110
111000013
1021000
1101031
311001100
100122100
100014010
11111002
11201101
21000022
21011101
10010023
220001002
11131000
10001320
10012201
212011
10201120
110020021
320101000
123010
10000111
30000010
210012010
20122000
430000
100200121
10100140
10111021
34000000
11110030
100012300
24000001
10301200
10003210
2103010
40201000
112102000
120111100
31021000
201030100
21103
111000202
20040010
200300110
200000212
110220001
110021002
100002001
100011031
20102011
110110012
111130000
301012000
103010020
2302
10013110
310000300
21011110
40002010
20200300
310011010
110030011
114000100
230002
12310
1121020
10000201
130000030
200140000
202000102
112100200
3001210
111001030
100000042
21101002
210020200
201201010
10022110
10020010
10000123
110010013
130003000
21012010
121200100
21200020
21201100
110002012
11203000
11000230
131020000
211110001
12220000
101011030
200010220
23010001
301010020
200121100
10000132
20131000
30001
123010000
130010002
11011030
11000110
13011001
110010400
1003111
110220100
31000102
10230100
20021101
10010020
30020101
110001040
101010004
10021000
220102
300103000
100110013
111110101
200121001
101010310
10201102
2202100
112101001
401002000
310002100
100040200
10011004
211000003
2020030
20003002
121102000
30001201
2113000
100001131
11002120
300111001
32200000
2102101
2200201
10002400
121000120
10211101
31000021
2211001
121012
410000011
100000222
13100002
202011001
100112200
1201210
110000014
1000411
11012020
110012101
312000010
201400
200120020
200130010
10101202
201100030
210100000
100040011
1101211
20200120
401100010
130002001
21010111
100221010
100011220
1102300
110320
12110110
221000002
141000010
22110001
1020301
110001100
103003
211200100
300200200
212010100
330010
11300011
31
21003010
10202200
12100201
200030020
411000100
311000020
201000103
2000410
301000021
110104
121002010
130011100
311002000
300010030
300110110
31000300
1110010
11000014
322000000
300200002
23200000
10031110
310030
11030200
1010302
400010110
200014000
100101301
2100112
1210201
410101000
100011121
103000102
11210101
104110000
200002030
11100112
102011200
200210200
200011201
1040020
20101120
10002010
10000321
2200012
302002000
200000002
3030010
3010021
130100020
110300110
100100113
311011
1130020
12112000
111001
10102201
304000000
110112010
1400101
11030020
11100220
110201011
3000010
100200004
20021200
200110210
410000200
22120000
30100210
1200100
221020
31011001
11013100
2011
11210110
10111210
21021001
213000001
202200010
10120120
201130000
100104001
221100010
101004100
2004010
22003
1010200
101022010
302001010
31110100
13020010
100112002
101012101
1004020
120100021
212011000
40201
21100030
20010211
14002000
22020001
310000111
30201100
2003101
2110111
300010
24010
12210100
110001202
200000020
41000200
10100131
12112
200120200
11102020
100010023
104011
2212
11011210
10302001
121000210
112003000
100220011
112001011
1200220
1200031
111112000
100101112
21111001
400200010
240000100
101000230
12200101
111400000
110000311
312100
311001001
2100220
110310010
210010201
101014000
101210020
100101211
13020001
101200012
10210012
23001100
101111101
32002000
113000200
102030010
2030101
3010201
100201210
303000001
140010100
112002001
1103200
30100102
222100
23110
20041
1211101
10010311
2022010
300011110
130011010
20300011
110001211
102110011
100200211
20200102
200200030
300011011
32020
100020400
110110
102211
10004101
10001212
120111010
100301011
14100001
111100
11120020
101120011
110100040
110200102
210010111
103100110
111110020
110101030
1001221
100210030
23020
100030120
400010011
310010110
21001300
21211
340
121201000
100140001
10010113
220100020
22210000
100312000
10330
11212000
11101201
40010020
231010000
20111110
100100212
111000031
10020400
212000200
131110
30021010
300121
11120011
112200010
12101101
10102012
300020020
21310000
1002040
402100
22010110
30100111
31100200
121011010
2122000
400300
303001
202011100
32010100
201112
40210
221020000
100120030
100131010
111101002
21000130
110220010
200001103
300011101
210101011
2023000
101003002
100201000
100011040
110120110
200002000
121100020
10040011
112010011
10220110
100003300
2001040
114001
111000220
1101220
42000010
20100220
300120100
220200100
110020012
112011100
110200
3310000
2030011
102002200
301001020
100320001
100102012
310021000
10111030
1200010
4110100
100410001
100030102
11003011
112002010
300000400
203010010
10004110
4000030
302100001
2031010
322000
301201
300111100
310010101
1230001
40000120
10040200
100321000
41110000
3003100
101000101
200201200
2041
20012020
210130000
202201000
20002030
101011021
102002002
101011111
11021200
200111020
20111101
102000004
110102002
1021021
122000101
40101100
111201100
200022010
1221010
21004000
300002011
3020002
100110103
111000121
11001121
1010221
40101001
21000301
20000023
310120
10004020
22102000
12202000
1402
12003001
202200001
2030002
220002010
10111300
102000202
1041010
11004001
303010000
131011000
3121000
2001301
11031001
31010020
20011030
101021200
121201
100000003
11121100
102001003
10402000
11210002
21000040
130030000
400010101
20401
101040001
1101040
10202011
20012011
210011002
214000
100010410
101010202
11000131
20040001
1030102
1002031
222001000
120000121
100102111
12102001
121300000
100102003
30001210
1004110
2000104
10400101
13102
1101100
300200101
310000201
101002111
112011010
123000010
30000310
400030
210100
1100101
1320001
220002001
1031110
41000110
100100302
1202011
100132
420000001
300111010
101310010
111002020
110410
31000201
102004
120100003
130000210
120002011
21010003
11301010
112010020
32010010
400200100
300110002
200310001
30211
21020011
30210010
10300021
32000020
310001200
120000211
101210110
1010122
1020004
301100011
10003003
1221001
13000120
10230001
20020030
100120111
104200000
2020000
101030101
202111
21013
100002400
120020011
110110300
20101102
101031010
101100031
110110120
21010102
200230000
301010002
23110000
20000410
301110010
121030000
111003010
2013010
4100011
21121
201021100
110000101
211010020
100210102
120202
400001200
100001140
310010200
3200011
1111111
1140100
1021003
12001120
301011100
200131000
10010032
1300012
11101120
100204
211000030
100230100
202102000
1300021
201010000
120001003
121100002
103000201
200103001
200023
200010010
102010
30200101
30000004
30130
10140100
10003102
1030000
102000031
301100110
100002220
310001002
102020110
200110102
22100011
200200300
300300001
11020102
41100100
201000040
3000031
100011013
110002
200000410
310000120
100211011
100020112
110100202
30111010
103010011
1231000
10032100
400120
110013001
1030030
211003
111000010
2120011
31002100
204000010
211002100
20023000
103100200
2002003
101000104
111101011
104101
400011001
31000000
40020001
31000210
11311
1220110
202010200
102001021
211002010
1111
2130001
122000011
110200000
100000213
20010220
1002211
400000120
200101000
120000004
21101110
101041000
3011002
101000011
41011
301020100
140001010
200002201
111001111
3004
112003
10042000
140101000
110110030
111200110
200002012
111100120
10211011
210000100
2032000
4010002
200210110
100100020
10211110
10210021
200000011
31010002
100000120
1201300
1101010
21001000
31001101
21000220
202010011
201040
400012
200003002
2014
2003110
11120101
1202110
1002130
112000102
123100000
20112010
102012100
300211
2230
11002300
1420
2120200
130001200
110003011
1210012
300004
11310001
10023001
20002021
110301010
241000
1114000
3000400
1130110
1222
101100220
121102
222100000
21110200
1200022
120100
10310002
11000311
13010020
11040001
11010310
2230000
200100004
21200110
32010001
2031001
1122001
200001211
301030
121111
101112001
1200112
110002102
212000002
301021
101001400
200020102
24000010
10004011
2002021
100120
31110010
121101010
111011101
102120100
102102010
210211000
2111020
1000222
101032
12200002
40000102
310003000
300002020
21011011
1112002
11200
1321
101100121
20121010
200221000
3400000
231000010
200201020
10200130
411001000
201220000
402001000
12010102
1411000
3001003
3001111
1011400
121200010
10021111
410100010
110020000
2020102
110302000
130010110
20010103
201101002
100000420
10023100
200020030
131001010
110021101
401101
11023000
2002201
1000024
123001000
141000001
100302100
3010102
4010110
200041
12000301
10003000
110101300
111120010
11020000
12010
12000010
20100013
10013020
3010000
320101
121020001
110201002
40010200
40010011
400210
100110100
101102200
310010020
30020110
310000102
2003020
4101010
13003
310030000
33000001
32100010
20020102
12010030
23100100
1030120
210200110
20000110
4210000
100012120
20100301
2200102
20211100
210110011
10201003
1001320
400001101
202210000
220200010
1300000
1000141
30310
110011
21001030
302010100
121000000
10020004
120201001
110002300
201002002
104100001
12101110
100211110
1024000
111010102
10200121
130100002
31102000
1201012
101121100
212000020
100201102
102210010
101101201
12011101
200110030
300101002
20220100
10000210
31001200
300220000
100000024
223
11000320
1120120
31020001
110010220
203000101
102200101
10100023
311001010
30000400
1001131
42001
103002100
40030
101032000
301100020
200011210
102001102
110100130
1220101
10020022
10110004
100000000
141100000
110011210
201011002
4020100
400201
300102010
21112000
120000301
4000003
100402000
200220010
201013
10101103
200104000
200001040
10010212
100042000
10032001
2100310
2300011
311110
200111002
212000110
100001002
11201200
1000420
101004001
241000000
300000103
130200100
310002001
102022000
121300
2400001
420000100
211110100
100302010
211001020
11012101
114001000
2001130
110300011
100031200
10301020
300101020
311000011
200013010
200021002
210112
220010101
301000
220101100
14000200
40111
200112001
12110101
220111000
301300000
200111110
100204000
100212100
1020103
21002020
10201012
410001010
300300100
10001401
11010220
3101002
2001211
1400002
201103
12301
2103100
130000003
113000020
220001020
110001103
20000212
30301
1002202
320010100
100030300
111021001
200300101
400011010
112100110
100010221
10110010
110000023
1300003
12103
210201001
22001020
32001001
1000321
30103
131101
104101000
2012200
14011
110311
122020
11110102
30112000
120110200
13011010
204010
200100121
40000021
10010203
10140001
201003010
204100
2000311
101111002
101121010
121001020
10000012
112002100
111111100
2031100
1000012
2040001
120110110
101011000
210200002
210012100
4000000
104000020
101030200
2001310
121111000
210200200
10310011
210103
11111200
200201101
100000021
10010110
400100020
201000004
140010001
1032010
220010110
20230
300040
10021012
2013001
12100000
200200210
10103002
10201000
101320000
1130011
30011200
102030100
2110300
100301101
200010310
20100202
201211000
210300100
30110020
301001011
100001041
103210
10002040
11022001
300010111
10001410
14000110
34
10120012
11140000
210001003
1013101
110110102
11101021
12003010
10202020
10040110
101101111
100200031
2040010
310300
11122000
11002012
120001210
3000004
211101001
111202
2020210
220100101
102000301
110011000
212100100
300210010
11120200
300000031
20300200
311002
1101103
121002001
11011012
200001130
103100002
203100100
100022101
1100311
40000030
210031000
110003101
110000230
4000111
3020110
3001030
100120000
320200000
200101111
101001310
102010201
114100
100021012
11112010
12301000
43000000
121010002
1000042
21001111
1030201
3022
101010013
101010031
212002
411100
220000
101020201
10111
112
100030003
33001000
1311100
301101001
202030
200010112
410200000
200301100
2210011
1002100
101013001
211000120
200130100
200100013
100201120
11104000
103100020
201300001
100420000
203011
100201021
100003012
21100210
2100100
1301110
3000310
41002000
202101010
201101020
211002001
111002011
12040
100003000
100111111
20211001
101020021
3201010
201000001
1221100
111020002
11010211
30120010
20200111
202110100
21100120
203020
1130002
10031002
20300110
220000012
33010000
231000100
110230000
20030011
300100120
10102000
100300300
310110100
10300120
112000021
101110210
101104
12121
20020021
1001401
30000202
102021010
100300120
21001021
1001122
300121000
21130000
300120001
201130
120220
211012
100003003
120110020
200110012
110100004
10221100
40110010
20201011
10112011
14000101
10201300
110014000
2200300
200021101
100004020
1100014
212101
300000004
110300002
10001311
221010001
100310101
40102
1020310
300101101
120300001
112000111
103001101
200301001
2001004
140000020
13001110
1310200
11401
102400
120100000
220110010
42000100
12001021
1301011
240010
201110011
1032100
202000201
1110022
10101100
4000210
2101012
1031011
102300001
2300101
110200210
20103001
10003030
102110101
2004100
104010001
201012010
300301
101110201
10210300
200003110
310020001
30102001
101000014
10130200
10110001
310000000
41100010
10200031
1020121
110000113
200001001
11101102
10100101
10011001
120011020
111000040
112111000
13100200
200010004
211000000
112000003
1210111
100003201
11011003
30120001
2100004
11200120
120011002
100100311
101221000
20401000
201001201
200131
21300100
10110031
320001100
301100101
1301200
100121101
10103200
111000004
10030012
210011110
40003
104020
21001210
10203010
20100031
102102001
4120000
1000303
310000210
102020011
211020010
110100103
21002200
10000300
30000220
101210002
211000102
210400000
400000102
20203
1220020
3100210
1022002
1101022
2310100
113100010
100111210
1104010
221002
310012000
110000401
111002002
2101120
203001010
3030001
110211100
120011110
201020011
220
11010400
100110004
301001110
200001100
121001002
22002010
10022011
1141000
211111
20001004
3010012
120040000
30010210
21112
10023010
10010401
1200103
220210
20000104
3000040
111030001
20102020
11021020
210111010
101001220
101001211
101120110
101102101
31003000
102010120
202000210
111020101
10410010
102020020
203001001
100023010
110101102
10220200
10020310
11410000
203002
201000310
3001201
3001021
100221100
100003102
11001004
103000000
212000011
201000130
10
210100012
11023
10012300
110001022
321001000
101211100
4000300
200200120
11200111
101210011
12210001
31001110
30100300
220001200
101011201
311101
10220002
400011100
212200000
3110101
1010230
10310200
1023010
321000100
21110110
200022100
111040000
110013100
100202002
4030
112011001
301000003
100014100
200030011
30012100
202020010
100101010
2220010
11011201
100030000
300030100
40010110
110010040
101000401
20212
122011
10410001
102002110
102000130
10030300
11311000
1132000
22102
102220000
100022200
10211020
20120002
1002004
302002
200020201
2000212
101201011
12011002
10020121
1101004
203101000
131200000
201210001
12100111
100110130
3110110
2022100
100010131
111000103
10100410
13012000
110102110
14001100
130010020
320001001
10000411
3110011
100213000
200200012
401000011
200011030
10210210
1004101
310110010
2002300
11101030
10000231
4002100
231100000
110203000
120020101
110101021
1001302
1011130
102011002
30000121
20000101
202002100
100300012
101100100
121003000
30121000
101401
10211002
11210011
1012012
310000021
1023100
2302000
11400010
200101201
100020103
110100220
13001200
410110000
300030010
110031001
1120021
2020012
210202
312010
11101210
111010201
10001002
100000303
11200030
101000200
100120300
200100310
210120010
100101202
12020200
100011130
301200010
112001020
21000211
1004200
10032010
2112001
20110300
100040101
120020002
111103
111102001
21030100
10012012
101110030
120300100
202120
100020001
123100
21300001
12000400
30101002
2001400
100001203
1003
11100004
11000002
20001100
102004000
20001130
102001111
100041010
10003012
20020111
221100100
100013200
100031020
13010200
2020201
302000020
101111011
101112010
200210011
11300002
100022002
2210200
110100112
200003200
31000030
112021
201001300
340000000
201120100
1033
110110210
210010102
100020100
401200
1021030
110200012
300003100
111200200
110020111
302010010
30100
101010220
110100022
300400000
22000111
111103000
22000003
310001011
10011130
10002220
301002001
420000010
200041000
1132
1111012
12010021
112100020
1112200
302011
300100102
20010022
21100012
20022100
2101000
1102111
1100011
210101020
100003210
301001101
20002201
300030001
210101200
201030001
430
213001
20301100
110011102
3001120
212110
11100130
100110301
102100012
33100000
101401000
232000
102130
121001011
210000400
110011201
110000110
111030010
202000300
130000102
100202200
212010001
10011010
100320100
200211010
110140000
120000013
1030111
1021300
31020010
111101110
113110000
102200011
100201111
12000211
10112101
112001101
302001100
100411000
131101000
4201000
100010113
200001202
10132
400010002
40300000
113101
101320
22100110
22010101
403000000
100002301
11130010
110102011
10100311
11200021
121012000
2000023
20021011
120010111
12030010
2011210
100103002
121000
20002000
2001013
120021010
102020002
3002002
220111
200001301
101100013
200110003
31300000
10212001
2021020
11001400
10010230
101001202
110111020
201101200
210001111
212100010
3102010
110120200
122100010
10012111
40030000
130020010
10010131
110010031
101122000
300012001
100111000
202020001
130120000
110020300
220000021
100231000
100100023
11410
203001100
231001000
40200001
200004100
120112000
110000020
2000302
113100100
1110400
420100000
300201010
31000120
20000320
3020011
20311
401001001
111000130
13300000
120202000
203101
410010010
1000021
1122100
221110
101023000
100311001
31003
101110120
300010000
300020200
100330
1211110
11211001
10131001
10113010
2110120
300021100
403000
20000131
102100030
201002110
101101000
101002120
111031000
140000110
20010400
12030001
101000410
201011020
1100401
110201101
21001102
140001001
110004100
220101001
300110011
1000030
33010
101010040
10041010
1014001
300021010
310100020
12001
1100104
12120100
11010031
1200040
340000
100101130
12111100
100010002
1013110
22020010
14001001
300011020
101003020
131100001
120110002
310011001
100210120
10130011
100001311
200000320
33000010
10000021
100200001
200001004
10100032
1230100
21011020
400100200
10014100
12300100
11230000
200100400
10300030
34000
200004001
1113100
1211020
10000120
1210003
100013002
120003100
20011000
10010221
220000000
120021100
210020011
200100301
101020
12002200
202000003
221000101
100410010
2032
10100122
10300012
20100112
111110011
20000122
2102110
200100211
110100310
12200110
1001230
210201100
111110200
320100001
11200210
400000111
203011000
31100020
100010320
2122
2100130
210031
301110001
210002020
130201000
20101300
21100000
200220100
100020211
13200100
301010110
200011111
31101001
110003110
20110000
102002101
303100
20023
1002112
100011211
210300010
1141
131000020
103020010
20021020
10020220
100402
102010012
10033
21220
100011004
10000024
201121
3000100
2111002
100111
1103020
110203
1110103
2101102
110013010
220001101
321010
14110000
121010020
102010003
300100012
101040010
11131
311200000
201121000
13002010
10001041
101011120
1121200
30100000
130210000
111220000
100200040
12200020
101020210
230000020
32001010
20010310
2111011
200020
131020
111100021
40011010
10200220
300002200
10011400
202102
120100210
301010011
122110000
120000220
100203001
112200100
10111102
400000000
200300002
12200011
10220020
1202200
202021
111002200
10110100
22000300
221000020
110000302
202003
200101210
14010001
300102100
200001010
1300120
2100301
1023001
10302100
1200130
120001102
103111
400020100
130011001
110011030
2013100
20100211
10002130
1000402
12022
211111000
210001000
30010102
200101102
110120011
22012
110021011
20101030
20111020
122011000
101211010
201100
12002110
21001120
12000121
300200011
311000002
1320010
100210300
410101
100000402
100000240
10200022
240010000
223000
1213000
100200310
100002202
210121
330001000
121010101
201010120
111200020
21000202
10121011
301030000
101000320
110011120
112210
201220
1112020
101110102
4
122000002
23000011
120031
210201010
20140000
102001201
1001110
11200300
10100212
203110000
120310000
110011021
101200102
11200012
3001102
100122001
20031001
113000011
210202000
110121100
101301010
22200100
124
22101100
1302100
103011100
400110010
13100110
100111102
100021000
132100
110202100
10014001
210100111
31020100
111010012
31010110
30001021
202110001
32110
10221001
130000000
41000020
2301010
102011011
400111
300100201
10100230
10001014
40111000
202100200
10000042
100104010
31210
100024
210210100
3012100
31011100
202001002
3112000
201011011
200040010
101201101
300211000
122020000
101200
11100013
101301001
24100000
30000211
100300210
111040
100110022
11111020
32100001
100000411
120100300
200100031
122110
100003021
4000102
110300101
101210200
3000112
101130001
11041000
131000002
10300111
101112100
11320000
1040200
20131
12010300
11001040
200002111
2014000
112001200
14200000
13210000
100023001
112020100
1102120
201010111
30110200
1300111
201003001
101010211
1010014
4000201
401020000
211020100
1100032
221011
10101022
1002022
310200010
100001212
1020202
100010311
12102100
1100410
12300010
12100012
3000301
1000
130100200
2003011
2011201
310201
21000004
30100201
200000104
100112110
20100010
104002000
21400
10103110
320011000
141000100
400110001
120200110
10401010
402010
1100320
11100031
103000300
200000131
10210111
11021002
220100110
100013110
11003002
331000000
31111000
1200202
101200021
300031
20021002
100101022
10120
20130001
1230010
1202002
30030010
4111
213001000
10001110
3300100
200021020
21001012
10002004
330000100
230101000
110040001
30011110
210000301
30000031
100210003
330000010
30300010
130101100
211110010
12002011
311101000
220200001
101011210
10102120
10122001
1200310
220000030
40000000
321000001
2221000
100111120
111000022
101021011
10101301
200001400
211100110
211021
2010301
220021
100110400
11001310
22001110
2000140
22010002
121001101
101410000
200003011
403
10204
10010101
300000010
30003010
22101010
20001301
200110000
310010002
101013010
11102011
201022000
100012003
41000011
4030000
103010200
101113000
200113000
202010002
3211
10113100
100
21000121
30020002
10001140
4012000
3101200
101101003
10024
120210010
30200200
210000202
102310000
22001002
120002002
110112100
110230
102013
31000012
10002211
400001020
210003100
4002010
2202001
110202010
1203100
320001010
20110030
101000113
41002
104002
232
101110012
200000041
220100002
201020200
1210030
11102110
101101210
10022101
100011100
40100101
1200013
1002400
23010010
10012000
3111001
11004010
102200020
200010400
13000111
101212000
311020
100222
130111000
30111100
102100000
32011
133
110200201
20000113
31101100
3002101
103300
12000202
201210100
102003010
103200001
100121200
11100001
40200100
1000312
32101000
20212000
102101002
201100210
102040
110210002
13010011
20011300
3010003
31000
1120030
1300201
2002012
100021
110020120
410011000
10114000
2401000
100041001
1411
11011021
220011001
11110111
100033
22210
12211
401000020
102001210
201012100
20410
200002102
12000112
10020211
10012102
121010011
20010100
120100201
110000032
301000012
3012010
11140
101102020
1104100
301000000
400210000
11111101
20020000
111110002
200012101
10004200
1001041
103001110
200021200
100100140
13000102
21010210
2011003
130030
220100200
21110002
3100300
103021000
3011110
101030011
402100000
200000140
100112101
24001000
1001203
1011211
130003
120102010
201002020
421
100120120
1101013
21100021
200012110
23000101
12103000
200400001
100100032
101211001
11110201
10111012
10033000
101131000
1201030
20002012
201202000
2040100
2212000
300022
200040001
100010041
120012100
210001210
11100202
11001013
121003
400
101000221
20010112
1102201
10300003
121100200
1011103
120103
12001300
21210010
11010202
122010001
220000300
202003000
2201020
3102001
140011
111004000
112030
20112001
201001012
300021001
111000100
12300001
10200040
111100003
4102000
110041000
201102100
1401010
101103100
14020
101131
220001110
10030030
10104001
1012102
101020030
1201003
1020220
20001010
104000101
1410100
10001032
3100012
30002200
130000201
131000110
140100010
100000210
110010310
300101200
23020000
1120003
241
30200020
40110100
130010101
31120
11110
112010101
3210010
12100021
100000114
120010300
4300
132100000
110002030
1003030
120001
222000001
140100100
101000020
101010103
100010122
101012011
1010311
2210020
204010000
3020101
10040020
200111200
30120100
300100030
300010300
120000130
10011100
201003100
12130
121011001
1002001
302000101
132010000
112100101
2121100
310210
201120001
3130
121120
131110000
300000001
10020031
1032001
13021
10112200
21010201
200010100
10111003
30011002
420100
21022
320000002
400200001
210010120
120001021
2010103
200100220
111020011
1010104
100311100
30002020
200102002
430000000
301003
200210020
101021020
300040000
120003001
221001100
11130100
14200
21020002
100000300
42100000
1030
11100100
2012020
210011011
140200
100110001
200101003
203100010
20011210
102001012
320110
110102101
11000410
101110021
211000300
120004000
21002011
2012011
104020000
111200002
1
210100030
20111002
10202110
2130100
10112002
1001032
110030002
3102100
10000114
100200301
100111201
110210200
1001014
102001
311110000
20000302
100201
203010001
302200
101130010
10130110
110020
400201000
13011100
301200001
101041
10102
21000310
13000012
3012001
14101
101100040
201000301
1013011
1123
13000030
20000203
201011200
30012001
101022100
300400
110100100
201301
23002000
220120000
1040011
1211002
111012010
10003120
10141
1140001
100100200
100001302
1113010
10231
10101220
1010101
200011003
103110001
10110310
310101001
211102
100030210
111000112
10110103
110113
20003200
120001120
10002001
13010002
23001001
1010131
10110301
23200
100010104
12001000
10010122
11110021
211100200
200320
3201100
22120
10100020
10210201
10330000
110020003
200200021
30200110
100202020
201100300
210000121
10111000
300310
410010001
1004011
300301000
300000100
310012
21010300
103100011
3020020
101011300
100013020
12010111
211100020
200001112
21130
11103010
1001311
201031
302000011
2002030
100300102
10103101
10321
10020112
10011103
201010201
20203000
40210000
200400010
11020300
1040002
10201
320002000
112000300
1210021
10042
1002013
201022
201000121
300100021
2311
11012002
10001122
302100010
2300110
20012110
202100101
14100100
2101003
20320
1102000
300002101
111010003
420010
110004001
120211
10200301
1111300
230200
300130
3310
10420
122002
120121000
10112110
10011040
100211101
21100201
4000120
1000201
20030200
3200110
40000201
10300102
104001001
300001102
13000003
210102100
201001003
210130
1310011
302011000
121011100
1111120
101101012
2100040
330000001
100004110
11001130
3000220
102010102
10030000
20011021
2010130
101001040
101101
40000012
2100121
300200020
411000010
100120201
10010002
1021012
22011100
3004000
101000140
100301020
10400200
4210
101020120
20202100
200030200
121000300
10021021
10001011
100011202
20120101
20100040
1101301
400102
3200200
10410100
101310001
101302
110041
2120002
3021001
210021010
10122100
101020111
100411
121000021
124000000
30011011
11302000
100100203
211030
2004001
32110000
20002300
3300010
301001002
2000032
201000022
111102100
2220100
200000200
20004100
10012
10321000
202201
220210000
20311000
3010300
101012110
100010140
100010011
100033000
301120000
112000120
11011111
10310101
41001001
1200121
102100021
210020101
2300002
210001021
31300
1110031
10012021
102010021
300000112
20000140
2041000
200023000
110111101
210001201
2301100
201001210
100000204
120300010
210000004
120101020
110002120
201111001
12001201
130300000
22000000
30001012
230020
110302
11010130
1302001
1011031
210111100
110000200
110001301
2002111
100211002
103
1010032
11001103
21120010
310120000
202010101
100111300
300000022
23000002
101301100
114000010
100200010
200211100
300001003
20002102
101023
30210001
2301001
1200400
120000001
20104
100020220
1300210
110301001
210110200
102100300
110020030
130001002
210000310
20002
111120001
111101200
220003000
23000200
111000211
10100041
111100300
110300020
41011000
102200002
10101400
1100212
230001010
200031100
130021
204001
13021000
22101001
100010020
1111102
22020100
120100102
22300000
310200100
111010210
41010001
211011100
14002
101102002
12001003
21003001
10013011
10110220
130100011
31010101
110101
2201200
2021011
101001301
240000001
101120002
11002000
21000112
11010013
1004002
312100000
200000023
100001101
102100
131001001
3021010
100001032
100001020
31002010
12000040
10000240
110010121
401011000
102030001
210001120
301111
10400002
101210101
200122
100001014
103300000
120002020
10201030
10001230
100401001
1130200
1003201
102101020
331000
2111110
4010101
211210
11000140
10001302
31210000
20011003
12010120
10000204
1003210
220010200
100203010
101011003
1201
130102
120001000
2000401
110200111
210013000
30101101
200011
21020200
10021201
300001030
310100200
1200211
2110102
101000002
301300
121030
3040
10100203
1102210
113000110
103120000
21200101
21000010
30010030
110000041
3021100
201012001
100000312
120022
210110002
2203000
2001112
30110011
102110002
300010120
102002020
11400001
1110220
1312
12000100
220030000
300210100
20102101
10114
20111200
41000002
102112000
10312
210010300
110000140
131002
100000201
21022000
10004002
4001200
100420
200000032
201010210
110112001
240001000
120030100
210112000
30400
1013200
420010000
211120000
200022001
10411
100021102
30001120
122200
110000221
100101121
11001112
10310020
1031002
110022001
420001000
110122000
110011012
11001301
200104
200010202
3010
110011300
112100002
101203000
102220
13001002
10122010
30001030
20112100
100110010
10011013
1201102
2010211
3202
2020111
12100300
1012210
1102030
12002002
400120000
200011000
200200102
12110200
12110011
22010011
10302010
2130010
310101100
30300001
2001100
100130020
101020012
120100120
210004000
201102010
411001
11102101
21012100
13001101
30100120
110110021
20110003
212100001
200102101
101010022
20102002
110012020
130012000
1030003
112020001
3040000
10130002
20110102
111003001
10311010
200001220
220010002
30220
20011
201100201
43
400000300
300110020
10110022
2201011
112201000
21031
100111030
201200110
22021
111202000
121
230101
20200
100010401
11112100
112111
13110010
212002000
20030101
101202001
110010112
20010121
2100010
3103
110103001
11100010
20004001
120010
121000003
2000011
202002010
11300110
11030110
10010410
30200002
210030100
1120
101020102
20100103
110113000
20011201
411010
101011012
102013000
102002011
11002003
1022110
21000001
40100200
130101001
21000100
2021101
210004
11200000
110100211
202011010
102101200
100200220
1113001
100101004
1212100
402010000
200000122
13000210
10002031
200130001
112012000
30010021
40021
101002102
120010000
103002010
14101000
221200
200010031
3001
122000020
110012200
400001002
111100111
40003000
102011110
12020011
4200010
313000000
400100101
1202020
11001031
100022020
21002110
100011022
10120021
110022100
100032001
120000022
1000330
200100010
12101011
10002103
1300102
400000003
111100000
1020022
2001010
11101111
2400010
2201101
200311000
140002000
22
110100031
12400000
113002
10030210
402000100
120000010
40000300
20230000
20000311
110000002
3110002
100301200
133000000
401010010
12011110
10000312
2100001
130201
100213
42010
1330
210020020
230010001
131010001
200311
101100004
11014
411010000
201010300
101202010
11301001
20101000
10222000
410000110
111011110
21100300
200030110
31000003
102003001
13000300
103010002
220101010
210002002
104010100
100200130
10301101
20020012
32000200
22111000
11200102
20040100
100030012
401000002
220110100
24100
22100002
220000003
210120100
110002000
114000001
4102
100112011
12120001
410000101
301011010
100202110
22111
111030100
101120101
40021000
300001111
201031000
200000113
310210000
112000030
20001211
200400100
112021000
230000011
300101110
20100004
10011031
2021110
202110010
11010301
301000120
10024000
2000041
11200003
100000231
10200010
400110100
131002000
100002112
101100301
12101002
20310001
20010001
10001200
31010200
111130
13120000
100220101
12000130
140020000
21103000
100021300
20014
11000041
12003100
20202001
230002000
100400101
10104010
10110400
10101310
112010110
4003000
11031010
2101300
1000003
202101001
1001113
101400010
42100
310300000
120031000
100004101
10010041
100103020
100010101
11000020
2100400
2010013
120120010
202000030
300000040
103030
1012003
102120001
110010202
210020110
100410100
2000230
4100101
3112
11002111
11011120
110210101
30001003
211011010
10040002
20010010
100400110
2010121
102012001
21040000
3101101
11000011
112001002
21100003
100212010
1010020
300002002
10400110
22000030
32000110
102300010
201000220
11101000
100330000
301010101
302001001
122100001
20120020
2020021
20002003
101200000
100201003
100003
13000000
120002200
200002
200110
101010010
10003021
112000210
110010010
100001410
130300
10000030
30110002
201020110
100140100
100103110
1410010
200300020
221000011
11000113
12012100
20001031
100100002
10211200
201300010
2101111
10303
111100102
11110210
100012
202111000
21211000
210102001
210100201
2210110
100220020
31021
14000002
2011102
21010
101110300
3200101
301020001
201021001
210301
202100020
101020300
10030120
10002310
120100030
130000
1001011
201202
100001320
10203001
120200011
140100001
102021100
100021120
111001210
21020101
32020000
130102000
10121002
32000011
220010020
11111110
102111100
100401010
10100014
401000101
140110000
24010000
102101110
2001103
40002100
11110012
100240
203000002
200003020
400000210
30003100
100310011
10100302
21010120
2002102
401001100
200040100
13003000
102000103
1210300
100021030
1010203
21030001
200200003
300000121
10011301
1001200
13111
2120101
11020210
110003200
104001010
3120001
1401001
2001031
111110110
111011002
110030200
10231000
110201200
1011112
10210102
230200000
211201000
100201201
12100102
103012
230010100
130001011
1001023
22100101
10010320
11012011
1041001
1010110
12002101
1011310
1010140
12000001
2100103
203200
200203
100220200
10400020
100021021
1013020
111011200
112120
130010200
3001012
1211011
110001001
10100104
110014
111100210
110010130
1310020
300001
113011
101100103
21301
12000220
20210200
110000203
21010000
100102030
1110001
20102200
10200211
4020010
320010010
103000021
300110200
111121000
10022200
104011000
200100103
100211200
401000110
300001300
100020202
12020110
1042000
100010203
210100210
101202100
21030010
12100210
201100111
100113100
11103001
11001010
10320100
310000003
204100000
211100011
200202010
20140
101012020
101101120
221101
112030000
3111010
130110001
10100200
1220200
120040
30400000
310010011
201011101
124000
10100113
1102012
120301
11200201
130001101
111111010
100004002
111001300
104200
22200010
211011001
22021000
200120101
200102200
1210210
213000010
211012000
200100022
100021201
103111000
100303000
11030011
1220011
40001200
110301100
111300010
40300
22110100
2001202
30000130
43000
100310110
100300201
111001003
31200100
201110110
2011120
100102210
11000212
2120110
1302010
31100110
10420000
103002001
11320
11110120
10310110
11010022
1000231
200310100
30030001
120022000
110221000
102112
10111201
220011100
132000010
202100002
100102000
11210200
1002010
20300101
31100002
120101110
1312000
1301020
100111003
230100010
200012020
30040
1012300
300003001
101110000
100240000
100303
101121001
1301002
300202000
122010100
12004
2221
100102
101000032
20101
20301001
4011001
100231
200011102
20002120
4001020
101000041
201001102
100300021
100100104
1100203
10020202
420001
31030000
30022000
10003
200010211
23011
100020010
22000021
20200201
10113001
120013
102100003
101010400
12210010
1003102
1300030
200100100
100103101
1131010
11032
1001101
400003000
112210000
4012
1100302
100110202
111013
2010202
110010103
110000011
210000022
202000012
1310101
1011040
1021102
212001001
202001110
220012000
210002101
110000131
121100110
2000113
11130001
111102010
200030002
120210100
100112020
100202101
101400001
300010012
12111010
21101200
2102020
300004000
102110200
1002121
100020040
211001101
1111021
300010102
2300200
102100111
2111101
1123000
100110220
102021001
311000101
20000230
11011300
13110001
20001001
200000203
130
2401
10100401
21210100
110320000
202000
120200101
100130110
211000
11121010
2320
10213000
23000020
120211000
101300002
102031
310020010
40020010
100121002
331
300012010
13030
102001120
3100201
120101200
110011003
40001101
20103100
2022001
120030010
30202
220201
10010011
11010001
202010020
200011021
11000032
100120210
20301010
103100101
31102
100002013
30100003
102020200
3001300
10123000
140110
11302
214000000
311011000
11012200
110140
1110121
20021110
21110020
3220
110100301
11211010
100000033
20020003
101100001
201112000
210010003
21102010
201004
110020210
310011100
410002
21200002
11002
2100031
11202001
220000102
202
1103011
10000303
3200002
20400001
401110000
400101100
121000030
400100002
300000211
201002200
20310010
40012
10311100
30011020
2000131
300103
1101121
2010310
2010112
10030111
120101002
201001030
100032100
111020200
1111210
120200020
3103000
112000201
410200
10120102
201030010
102000220
3010120
114010
11100301
10201111
100301110
201110101
110002201
101001022
14110
3031
101100202
120121
200010103
120120100
400101001
321100
104110
300010021
101100310
130000111
202000111
110400010
110120101
11011000
1011220
10300210
20200012
240100000
30003001
100103200
1012030
11000221
30110110
2030110
120201100
20003011
200110201
11100211
100001221
220201000
10210
12010000
22001011
10101001
110012002
22030000
20104000
20031010
202000120
4010200
320020
1110100
2220001
103000030
200020300
11111011
20100001
10301110
130000012
101300110
211200001
11102002
22201000
301201000
33000100
1000213
20400100
4000021
20030020
21013000
201000100
10200400
230020000
202120000
104100010
210400
101014
20001202
20200030
101200030
110021020
310000012
1101112
100001113
103001200
111210010
11011
10021300
301000111
200101030
200014
100030021
11100103
101203
30100021
300000301
210001102
30010300
30020011
12100030
300112
111001120
410000002
100222000
20012101
1020013
110121001
100114
110101201
102011020
302101
200012011
12011020
10201201
10021120
310100101
113001100
10000402
1033000
202300
122100100
10110130
103120
10002301
100030030
300001012
101310100
3001000
4011010
100100110
1121101
11001100
212001010
30010000
10200103
30000100
3000013
111400
111022
31001011
1022020
113200000
30010003
100100122
40011001
302110
1410001
30101110
200230
30031
21101020
300100003
400001011
20020300
10003111
303010
100104100
101021002
22000210
203200000
401200000
21012001
120011101
4010020
102011101
220003
301012
111012100
201103000
210100300
20001022
2121001
11020012
110100001
21101011
110001010
2021200
200101120
111001102
32100100
2010031
130200001
41200000
1002103
220002100
14000020
100301002
100001011
200122000
30310000
21101101
10102021
30002002
100210210
1112101
100000123
110221
4200001
2310001
410100001
1140010
201000400
201010102
100103011
101311
21201001
10102102
311000200
10300300
14100010
201010
100140010
100122010
12020020
10311001
300300010
131100100
101110
100040020
22030
100020004
111020110
31001002
102000310
100400200
1020112
12101200
10200100
210000220
2410000
100201300
201120010
21100
10312000
200212000
130110100
112000
12012010
121000201
201110200
210100003
100031101
11003020
111000301
111031
103001011
202001011
211001011
1001002
111000310
1210
20100121
210220000
211201
240100
10120000
100002010
10102003
201100102
20101201
232000000
101104000
110010001
11201110
1040110
4201
11000302
140010010
10101004
101000311
200120002
2100202
1012201
20002210
100111012
4111000
3202000
12211000
13300
10101130
221000110
111010000
3003010
100220002
322
400001110
11110300
120102100
101020003
2101021
113000002
130000120
113001001
20302000
112102
210011200
102202000
4101100
100020130
10111120
1021201
320010001
310002010
201013000
110021200
103102000
101120020
2200
100002004
400100011
400002010
1010113
20121001
10011112
1020001
111012001
11003101
110100010
101300020
140020
1131100
11010040
200102110
2300020
120101101
101410
31111
100020031
111310
111111001
110030101
111010111
230100100
20001112
103001002
2012110
22000201
1020031
300020011
122002000
1212001
103010110
22300
221001010
110000320
131000011
2020003
30013
1012111
12013
1030012
201101110
200001121
120210001
120011200
201000202
3000022
3011011
100120003
320000200
230001001
210002110
2000014
301100002
100012210
211010011
310111
200110120
100031011
1220002
213010
200003101
210310000
1002310
11001001
20120110
11021101
110023
400003
12040000
100011112
10020301
21102001
40120000
110040100
100110112
20211010
20110120
120200002
200140
103101001
100020310
40010002
30211000
3200020
1110301
21301000
10200202
3022000
101400100
1204
10040101
103030000
101001010
221101000
30000022
20001121
100030
211000012
1100131
300010003
140001100
1022101
210013
100102021
10201210
23101000
20000200
301102
10240000
200001022
111201001
302020000
300200110
102121
20020120
100101220
20100130
102010300
3010210
101030020
2003200
3003001
11210020
10200013
211001110
200111101
30101200
101201110
2200111
230110
100020022
1231
201310000
31120000
22011010
10000420
101102110
1110310
40001011
11001022
210030010
110004010
300202
100210201
100000132
200401000
200000221
30301000
31100011
10001221
100020013
40001002
20110012
310000030
400102000
4000012
301000102
301000201
21011200
100000141
113010100
102301000
101221
11010004
210040
200030101
300001120
101230
1120102
402001
102111010
110120002
20110
100002310
10001023
13101010
100200100
1200004
113020
3100120
304000
10131100
100102102
12001102
20220010
10013200
320100100
210102010
123001
202021000
200210002
100002040
142
12010210
100030111
132000001
200212
101101021
130000021
120010201
130100101
100101400
1040101
122101
210103000
201011110
201004000
102003100
21002101
22110010
21004
320000110
114100000
300120010
1120111
12202
1020211
12001012
200001310
4011100
300102001
31200001
400300000
20011111
20001310
31110001
4010011
100100014
13000
100002103
221010100
10041100
2200120
2010022
110200021
101100112
20110201
110110000
102111001
100202011
12010003
20120011
21010021
221000200
30201010
1000120
