22100010
132000000
200010300
300011010
200011200
101111001
321
110022
11000001
1020021
101010012
400001001
100001310
200110002
130002
100100121
100020201
1010301
2120001
300111000
201101010
1000410
100200021
20040
102021
400000110
23000010
110020101
110001003
2101002
200100
11022000
1301001
113010000
100011003
200001102
10011210
221001
12110100
131100000
211000011
130100001
10310100
10002300
1000320
2010102
21200010
1002102
200020101
100011300
100111020
2002011
1001130
100102020
40002
101001021
211000110
310100001
210001002
101100003
101211000
101300001
102000201
11201010
23001
100002021
1201020
311000010
120110100
20110200
110101002
200110011
200220
10100202
13000101
200200020
112002
220100001
200000004
100400001
320100
100320
111200100
102102
12001002
20200200
30100020
31100010
122100
311010
203010
12010002
20020101
110110101
100000110
310110
22011
20211
1013010
100201200
302001
101100
22001001
30300000
320000010
210100110
10004010
1040100
3010101
2101200
210101001
2301000
3011010
104100
11000130
1010310
3030000
110400000
1023000
100120110
110310
200022
201003000
300010002
200121000
100021110
30111
102120000
2022000
211020
204
321000000
100110300
201101001
1011210
3200100
101011200
1010130
11030001
10212
11002101
10100130
202000002
20003100
20011200
200010210
102020001
2020011
21000120
310000020
30021000
20011020
20120100
2002200
1110102
110100003
100020102
20002200
300120
201001011
10101021
201300000
301010010
100000113
200010021
101202
10100112
102111000
30101100
110030100
2000013
140100
1100130
12100011
40000011
121010100
10320000
200100003
111210000
102200001
101002011
130200
3210
32100000
11040
1010004
200000022
1110
101200002
24
13110000
101300010
2010300
103002
11202000
112200
11000220
10121010
210000000
30003000
221010000
210100101
200000103
211010001
130020
11012001
101220000
220000011
20202000
30101010
110020020
120010020
110010003
111100110
100111011
100121010
110100120
24000000
100401000
200101020
201011010
111010011
1310100
100210200
21200100
1020012
300020010
100004010
100010130
30011001
100100202
21200001
202200000
200002110
41000001
200010102
100010220
111000012
212001000
111000300
202000110
210100200
20000022
210102
10202001
110001102
103010010
101210010
30201
2210010
10220010
12101010
130020000
110220000
10030101
110001000
11103
111011010
100001121
400002
12001101
310000101
3030
110001030
1221
14010
10011021
400101000
120011100
202002000
12000030
200100000
100040100
112020
30010011
200002101
200000301
11400
100201101
120101001
3100002
3020010
300201
41010
40001010
20011101
1011201
100102200
1120020
11002002
113001
20021100
11100111
2201100
1004010
13100010
1102200
303000000
122000100
400100001
200020002
101020020
302100
31001001
201300
400001010
13010100
22000101
110010000
100000131
1300101
1003101
200100012
2031
11002020
101012001
103020000
200310000
110022000
110211
30010020
200020020
100140000
10020201
101000100
112000200
110040000
20030010
310010010
10101111
2210001
10012020
210000
220002000
112110000
300020100
200111010
14000010
1111011
100400100
122010
1201200
212010000
21001110
100012110
1030020
123000
10022001
10020
120100200
121100010
11120100
3012000
1000230
101011020
100101012
140001
32000010
3120
110301000
30000120
111101100
111001020
12012000
110100102
31001010
12100110
100410
110120001
11101020
10101210
1010121
320000100
310001100
103001010
20011110
311100
211100010
10000221
102100200
102100110
201003
11013
114000000
2100111
4010001
401010
103020
302100000
21030000
21011100
30011010
31010010
2001210
1001010
202110
11120010
110220
1100211
11001012
2110020
310001010
12000000
13020000
211002000
200200002
20020020
201012000
100120020
100301001
21020010
10010031
210021
130101
130000020
130000002
120120000
100311000
20001102
1000401
310200
100120011
1010022
120000030
103110000
1211010
111210
201021
1020000
1002000
211200
11003001
11011011
10020012
20010111
102300
203100
120200010
100101210
1010040
120201
4000002
410000001
221000100
110100030
120020001
110002200
21010002
10022100
102200100
3100110
101003001
310020
10410
21000021
1012020
130000110
31200000
110000400
100000101
102000012
1000014
11200101
200001300
101121000
10212000
4000200
1200
10102011
10201101
100000122
1311000
40110
10120110
111001200
1010001
1011111
30210000
10410000
100300101
100131000
1110003
110110011
1004100
102000
2211
11100201
1202010
12001200
20010021
141000000
21000000
201000000
121000200
200001000
200000013
20211000
120201000
120100110
200020011
21100002
110010102
2100300
101211
11001210
222000000
210120000
20001030
20111010
110101020
11121000
200102010
11004
130000200
200103000
10001211
2001000
100001022
2001
1101012
20002020
10011300
3
10001103
110102100
100210020
11200002
100203
211110000
40000110
102000000
31000200
200010111
100010211
103200
12002100
13001001
21110001
220000200
300101010
120000120
111
10200210
10110000
102001020
11101101
11000112
312000000
3000300
100000401
200101002
10001013
101001111
10004001
210000021
10200120
10020021
10021002
22011000
220010010
10002210
1031010
100101120
22101
22010010
10020120
22101000
12100020
100020021
11102010
100030011
210110001
10011000
100001010
100040001
1010010
112101000
130100010
200110020
3100020
101022000
1111200
4101
20210010
20210001
120012
203100000
100200003
2111010
11300100
220000101
100002012
30000030
202011000
11022
221100000
201010002
2200011
401010000
201010200
200010201
101020011
40101
40001100
130001010
111120000
1000302
100010040
20004
12110010
100112001
330000000
10041000
20002002
110001210
30110010
100012200
2011101
11202
2102010
400000200
300003
30100011
202100001
3101100
3110100
1003020
13020
402000000
320001000
20003001
1103010
11001201
123000000
30020001
200120100
201120
1401
101022
103010100
30001020
31010001
100002210
10001121
2000121
100001202
13010010
2100102
120001002
100011201
101301000
14001000
10230
10200102
10004100
200011101
100102101
200000400
30000102
2101110
101102001
300200010
10211100
330
41000010
21010020
101001210
210003
1130001
22020000
103001100
200400000
100003011
210011001
11010000
402000
1203
213
10400010
120020100
120000210
120110001
10011111
101000202
1000032
100201011
10100103
2000202
201030000
32000001
111011100
10300011
300002001
10000101
4000011
101102100
100122
1101120
110112
120001110
3111000
110101200
3011001
10102002
10100010
41100000
110211000
11211000
21011010
21111
20012001
40000020
2300010
102010110
21201
1131
10001301
1001202
111000030
411000
110011020
110001021
1300011
101030010
202010010
110310000
20121000
102100101
320001
12030
20301000
200202000
10002003
1003002
210000111
221000010
210210000
100002300
210300
10120200
20022000
120010200
10021110
222
101000112
101012010
100010022
301200000
100301100
100003020
10001310
100111110
2020002
110021001
120000000
400000020
210100002
20001000
10000203
3020001
100010103
100100010
40020
310002
1104
1400010
311001000
301000200
200130000
200022000
30010101
200002020
11010003
100020012
212000010
101110020
100022010
2400
10103010
10010301
10000041
201010011
110101011
2400000
3010002
100100013
10311
10002111
120001101
200100120
12300
1112001
14001
102201
102020010
100011021
10300002
30020100
110020002
31110
10011120
1001013
200100021
10022010
230000100
21000111
110110200
21201000
101200020
2011110
1110201
20010000
300001011
100000002
2010120
10302
10200003
120002001
100011120
10210011
230100000
202110000
110100012
10201002
301110000
210010020
10002030
312
12012
300000030
102300000
1301100
221010
100014
102120
10200021
11000100
120000300
300000201
200000001
103100100
111200010
1220100
10120002
11011200
10010211
301011
100012020
200030100
110002101
101002020
100021101
402
120111000
311000100
301000002
14100000
111100200
100000410
12210
210
112010001
1120011
22000002
3001110
200030001
100101000
1021110
211011
40011
200000220
210030
11010102
40010100
3120000
101130
100110120
11030100
11000121
110003001
100001220
1200111
101003100
1003011
100001001
111000000
102003000
100302000
110111100
300
231000
220000002
302001000
20001111
100000200
11010300
111110001
1320000
101310
100021020
21003
11000004
21002100
21000201
11010021
3000000
112000110
210001020
1020111
2000400
1100400
1002012
2011011
120300000
210100011
300001200
100003110
300001101
200110110
200110101
100110201
10100022
1021101
210001110
204000000
300101100
200100111
300020001
11013000
1110210
4001001
1103100
202000020
101100111
201200001
101200110
201000012
13110
111020010
1122
200000130
110011200
110001201
102110100
2012010
1311
20030001
10000320
100000230
211100001
1020030
2002110
201111
110100021
300003000
20002101
111020100
201001002
100010310
103011000
100200030
20031000
1020003
100103001
100200210
100110102
110200110
101020110
204000
101010
20001120
102021000
2000022
1000122
11201100
101040000
300011001
102011010
2001120
200010012
200010003
101021010
1012200
123
101000121
100100310
101121
40200
111021
100122000
102110010
1010100
100120101
111201
220000020
102101001
20021001
121000002
301000011
11110200
1140
102201000
310011
400011000
20101020
10021200
2011200
111011001
310002000
211000200
210102000
10000200
101031
120011010
110003100
1121100
3010110
1010103
210110010
21100011
2000100
10011
11101011
11100021
12010101
400002000
210111000
202000200
1001103
130011
10131
2100021
211101
111030000
301001010
100030200
30001200
110000301
2000130
203001
1040001
310020000
10101003
20111001
10221000
3201000
101040
30210
4101000
100100220
1400100
21001200
4011000
2010003
11001120
100014000
101000103
101001012
213000
110103
112101
1002021
22001100
2030100
11002110
10211001
202011
12030000
401000001
300111
210001200
110001012
111021000
101020002
100000140
3002001
20301
12002001
2010012
104010000
201010101
301020
200021010
11111010
20012010
200101011
312000
10301001
210000300
301110
201000201
4010010
11031
20100102
220200000
140000001
112000002
3000111
2300001
31100100
301100010
10001220
103001001
201102
11100012
40010010
111000111
30200001
110012100
2000031
14000001
100012002
31101
2010021
201100011
131100
101112
32010
101010021
10202010
2102001
1001301
113000001
110300100
30000
101110002
13101
30001101
110000202
21010200
101300100
10203
11003100
21110100
101120100
1201110
102003
100131
3102
410001000
121101000
200001030
2220000
12120000
20110101
2030010
2100210
21020100
302010000
10203000
20101110
20030100
10013100
300000102
21100020
110004
1101021
120000111
30300
20010030
100001400
4200
40002000
101130000
30
21010101
104000010
400200000
122010000
101000301
121002
11002011
111201000
20001201
4001100
201201
10021011
10001004
103000020
201010020
101001003
10100211
11012010
12020010
112000101
11130000
110020011
210000012
100011030
30012
212001
1011000
1011
102000003
110201100
201110100
2200020
100020
100113
13002
100002111
10112100
101201010
112100001
42
112001001
210011100
301000110
30110100
100111101
1100013
10101201
100020030
1200300
13100001
100021002
11001030
300000111
11112000
4010100
4100100
1011300
22020
2130
112200000
200031000
20020110
110002002
11103000
101110011
10301100
20000400
121100100
20001021
30120
10041
12000102
330000
20101200
33
11000013
10121001
31000002
101010210
120003
1120101
30201000
111101010
22200
2200101
301000101
10401000
103100010
102020100
1210020
20120001
140100000
300300000
13200000
210110100
200200011
2000211
11011020
20020011
111012000
1031100
101011011
10023
11000202
112010010
1101102
201111000
100002030
201101100
10001100
100001100
12201000
10130010
31000020
101010201
302010
100012101
111002010
1002201
100003200
103010001
112100010
4011
10210002
10113
11000022
10220001
230000001
120002010
20001012
21010110
3010011
1000002
20310
21000210
121110000
11110101
102100011
2001030
1104000
101011002
10100040
210010002
211020000
102102000
201030
132
1201101
100220010
140010000
20201010
110201010
102002010
410001
11200110
40011000
200201100
200000112
3110001
10220100
13010001
300100110
100212000
101102010
101120010
100201020
20200011
30010002
120002100
10000104
102200010
102101010
100211010
201110010
2021100
101101011
100230
1201002
11001
20103000
2002002
200010
2202
42000
203001000
103000002
20020200
20010102
201100101
12102000
2011020
111101001
12001020
12000210
41010000
220110000
110202000
100000320
100112100
2013000
2000310
200300100
20200101
120010002
210010101
2031000
10020102
13001010
121000011
120101010
1401000
200211
200021001
100010121
21100110
100400010
1023
11011002
30000000
130011000
104100000
303
10140
1102020
100001004
10031001
2201001
2100201
13000110
120210000
10000401
100201002
20103
10031010
100113000
201100200
100101300
101003010
230010
100202001
11004000
1000113
112000011
200211000
210101010
10000032
1110111
100010100
1211100
100130010
200120001
1120110
2121
11001000
10010013
120020010
120001011
10010130
1030011
101000022
220020
12200001
121200000
111010002
100010202
2120010
40010001
200001012
201000102
100031010
102001101
1000131
11101200
200020110
100020111
10112010
100200102
200040
12300000
131000010
300100101
120010011
111102000
1300020
20210100
1000200
20002011
20000202
221100
11301000
13200
100310100
200101200
10111110
101001102
111001002
201
1001022
120030000
401001000
31011000
200003001
210000120
12210000
3002010
104001
120000003
20000040
1200030
14000100
1002120
100100031
1020
11100120
12002010
112010100
10000131
300110001
2210100
1111002
40000200
1113000
101031000
2001012
1220010
10040001
140001000
200300010
20040000
102010200
11011101
10003200
40100010
100101030
100101201
31002
201002001
2000112
20120010
302000001
100020003
2011002
10101102
21000012
101100000
13100100
101000004
2110002
11300010
30000201
20100012
400001100
300200001
110110020
10000113
320000001
22000200
101110101
101200101
101000211
22110000
100000311
111110010
102100020
1301010
102010011
200102001
21
3101010
2102100
200004
1100202
311010000
211101000
4200000
2110101
202200
20022
1012011
110202
1001121
220101000
12000300
211000101
20220000
10113000
110102010
1001310
101021001
10014000
101011110
100210011
120012000
110010111
20031
11000010
32010000
121001100
200011020
1000140
1112010
400200
11001111
210300000
100030110
110011110
100001211
10001010
200112
20100021
210030000
32001000
112000020
201001110
110012010
20100
11030010
10002000
201021000
1300002
2200002
103100001
101000013
400101
30002001
132000
100130100
100110012
20100201
100200300
200200200
100300002
120200001
4000020
111012
40000101
102010020
120200100
301010001
102002001
100120200
1032000
10400100
1130010
110010021
21300000
100103100
212010
11310
40000002
200301000
121100001
100000014
10111011
140000010
102011100
201120000
10012101
31000110
300012000
210010110
10000002
2013
1100220
10310010
120003000
300210000
20100003
200000100
100001130
2100000
10201020
131001000
100020000
101010300
100110030
120120
410010
21003000
31101000
110021010
200101101
1101111
100103010
100311
100101102
100022001
21210
11101002
11000400
10010202
220010100
202020000
201000030
10101030
100110210
1022010
12003000
203000100
40100100
121200
111000102
1410000
100000041
10000011
3000201
1100103
10001022
401100000
21010011
201000
103110
410000100
100003101
21101010
111010101
23100
1230
410010000
22010100
200001003
10011201
201001101
100010112
1100004
101100030
2021010
101000130
212100
110102001
220010001
210000102
120110010
11000310
20100111
30000210
110400
1120002
2010
110031000
300000012
101110110
20121
11201001
42000000
112001100
211010100
110300010
200101110
30101001
3000012
110001
10010112
30000300
300201000
30100110
10010400
1120200
21120
110010012
32000100
210201000
1113
1111020
10120101
100001301
102210
110121000
200001111
10001112
1030002
1210200
200001
100100001
13000002
20100030
30001002
20001210
102000102
32001
110010
31010100
11021100
101101200
1031001
40110000
121002000
100000212
201000021
130001100
111010110
101001000
102001011
100210002
11200011
201000300
1000110
11000301
3020100
100130001
100010001
111000021
121000020
110000010
20000112
10102200
111002001
300010011
100104000
102010101
21101001
311100000
30120000
11130
110011002
11020002
11120001
1101201
410100000
22000011
101020101
20102001
20010120
111000210
310110000
23001000
2200110
2001003
12100002
22100100
21210000
2110200
1100301
10010004
20000121
13011
203010000
10200000
1000023
2111001
2101101
100302
10130001
10110030
11110020
100020210
10100121
10101
111300000
11100300
20000013
101200200
1212000
100210101
200301
10020030
210011010
10003020
11110002
11211
10002102
110000001
201020001
230001000
310010001
104010
1103001
101100012
10001202
32100
310010100
103000110
100221000
101001300
120030
210111
110130
12003
11001102
11010201
200010000
3210000
200013
11000103
110100000
200004000
100101003
100001103
100110111
2003001
10320
12021000
11021001
30011100
30000012
101101002
11200020
10110102
200000010
1030110
21012000
1112100
101100210
10100013
102001200
101002002
12000003
202000101
210010200
2101011
102000300
100211001
10120020
10100400
1021020
10020003
30110001
111000120
110013
101201001
20201100
210001011
110000013
3100101
100031001
21000102
10300101
20010003
11040000
2000040
2120100
10010010
200201010
10030002
120010110
300110010
420000
120210
20310000
101110200
10011030
4100001
1021200
1040010
203000010
110010030
141000
110001300
110120010
21011001
11100000
11000040
110020200
210010011
10110003
20102010
101030100
202020
20010
33000000
21111000
3300
1000020
220011
100100022
10400001
11002200
100102002
120100002
110030001
10001040
121010001
1203000
201200010
1012110
1210110
21002010
20000103
130110000
300000
20400000
100320000
201210000
10020300
14100
1002030
201000210
211110
1210002
1101
120102
1200210
100023000
120000012
1131000
101004000
120000
10102101
220020000
140000100
200111100
10012110
2121000
111200001
10130100
310000110
300100002
100021200
10120011
1212
31002000
103000101
100203000
110010300
30001011
3001002
101013
1020120
11010
113000010
10020000
30003
200130
100100211
100100112
21012
1010202
113000100
202010100
102001110
11102001
10010121
12111000
31001100
102012000
10002012
10023000
11111100
100121100
2211000
2002020
3001020
2010201
400010001
20011011
220002
1022001
202000011
300030
101010000
101000040
10201011
12021
210012
100040010
0
130100100
100000302
101101110
101010111
100112010
100100301
10211010
10010022
10000230
201100020
10012200
4000110
100140
10013010
110100
111000003
110200020
110021100
100001112
101202000
120111
100100103
100010301
12010110
10021020
1300200
3110010
200210010
420
303000
100410000
110000310
2111100
2001102
2110110
113100
10110120
21001011
12010011
202001100
20101002
101200011
1000104
21030
11000211
102012
103101000
2010000
100102011
200012001
11112
110040
110200002
20010300
100010400
10111020
111100101
11102100
200112000
1030101
1013100
121101
1100040
10012011
3000003
400100100
101112000
1011003
21001101
2012001
110200011
120100011
102
201000003
13000011
210200010
200003100
1302000
1200120
103002000
2202000
301002
10122
110100201
11400000
120001200
101111100
10102110
1010400
321000
22110
1200021
211001010
300021000
200000040
130200000
113001000
100230000
200300001
20000100
20000310
200000202
11010030
21110010
1002111
301101
12020001
100300110
41000100
110000211
101011101
400110
100013010
12200100
21001002
10300200
310100010
100030101
101030001
1000212
220200
12
1200012
101301
3000030
201000111
100002003
110000004
202010001
4100010
31020
110110002
1014000
3001101
10210020
12001110
111010200
2001300
101010102
10200201
10300020
300110100
100300011
100000203
110000031
101000220
130110
10110012
300030000
3011100
210100020
20001
240
11010012
311000001
300120000
10101000
1001100
400010100
20100300
110112000
2112000
100202010
100200000
10302000
20000301
200000121
11100
2100
1100001
3003000
110011011
2310
12001011
130000011
100200111
220001001
21100200
2004000
131010
301020000
30010200
130010010
120010101
10003110
3010020
11020011
230010000
210000030
102000111
301100001
10000014
10002
300000003
1221000
3100200
3001011
1001211
230100
30021
1032
101100021
12011100
10230000
30200010
100100100
4002
20100120
1200102
110210100
10300110
10032000
20000211
100011111
100100400
111000201
10010040
401000010
300100011
20001003
200012010
210210
2004
11001021
10210110
20300001
210021000
200001120
20000001
100104
22002
12102
12000012
200210001
1011102
30030000
30000111
22001010
31000101
21120000
200000211
11110011
100310010
100401
1130100
211011000
20100000
111100002
3001200
1000203
1012002
122001
110101110
11110110
1100022
1011012
12011010
121000110
121001010
200220000
10110111
102110001
1102101
11100102
101013000
10000311
101010120
1010211
12000
10112001
1200201
201200100
3010200
102002100
12111
4020
101001
103200000
11310000
11210100
31200
20202
1100112
10013001
100211100
211010010
12101100
1102002
10001031
11020200
300000300
300010200
10040100
110111010
200400
200100102
21300
14010000
300002010
3003
1002300
1001112
100004001
10110210
1020102
40200000
22002000
13011000
20020002
201020010
22100001
10101012
13001100
10200300
120100101
20000130
400011
231
21000003
200010030
200002200
10101300
10000023
2130000
1100010
200020200
110110110
100101111
10010220
10002021
131010000
110030010
110001120
104000100
1002210
103101
30000003
104000001
10100310
22010001
100032
212000001
10311000
20111100
20004000
300002100
1110300
1011120
100002
2100120
120021000
10001400
320010
100100004
10110
11210001
23000001
100300020
2220
101012100
1102110
201012
200001210
200100210
401001
10021101
110100111
210020001
3000021
100011
100012011
101120001
10002201
31020000
120100020
20110020
100002102
10110201
1001031
131000001
30102000
201002100
200202
1121010
10000302
301100100
100000032
121010010
100102110
110301
114000
202100010
101210100
3000102
101001201
10100301
11210010
110120100
100212
121020
1110012
300200100
20101101
2010210
11200200
1210011
100013001
400010010
110020110
10003002
11101110
1101003
1004001
11300001
122100000
200100030
10030011
210002010
101010030
100111002
200031
11220000
300000000
400000101
100003002
201102000
110002110
10003101
200010120
1300110
30102
1320
420000000
111003000
103000011
2103000
40020000
20200110
20003010
1230000
201002010
240000000
122000010
301010100
200002011
100001040
2100003
3002100
2000004
200100300
111030
101020200
1000221
11003010
1013001
1400001
221001000
211000002
101310000
300010110
10000212
1200000
200310
40001001
220001100
10010100
20130
11121
12010200
220100100
10030110
10104
12011001
110000112
2100030
2030001
2021001
230000010
1140000
201010110
2300100
3021
20112000
10002120
102101100
1000311
11220
112011
110210001
112011000
110100300
110111001
120300
100200120
220100010
111110100
40100001
10100100
11000031
31000011
200021100
2101020
300010101
110002011
111003
10102020
12201
1030200
2000301
21102
11100210
210101100
110000022
2201010
103011
24000
10202100
1021011
121020000
10030200
100011210
12120
10103100
212100000
21000300
100110003
100200012
101220
20013
1002
300001110
30200100
10011003
2001201
100100130
20400
11010120
110201001
22000110
200210100
30100101
114
111000
102030
100101
1021002
210000003
310101000
301011000
110000040
1110030
301001001
111120
200111001
1011030
121011
102010002
201000120
1001400
100121001
10010001
220011000
102000030
120011001
1310001
110013000
101400
10100220
1110021
1201011
10001001
121011000
310100100
20002110
4002000
100202100
202002
100020120
1110120
40101000
110130000
3000
222000
20010210
230001
120
20220
400110000
10104000
110010120
110011101
21021000
202100100
220101
21001020
121001001
13000020
3000210
2000010
3101001
1014
12000120
41100
111111
1000011
300021
100002201
1100100
1100310
310000200
23100000
212000100
400100010
100002000
110010210
111102
12000021
202101000
3111
20000004
100011000
101001030
102011001
1001001
10040010
211200000
301002000
101103000
300101001
10101120
1211001
10310001
31110000
1041000
101002101
200120010
21021
120101100
100301010
111300
200102100
1200003
41001
110121
103000200
21000030
3102000
102111
210120
1010031
30001110
12000111
20000031
4000101
3200010
200100201
12020100
10030020
20021010
10200
113010
11010210
13002000
101400000
200013000
300000120
120000201
101000010
301001100
120001020
100022100
100110021
110210010
111020001
300102000
300100020
110200101
100020300
101010003
201110001
10000110
120021
10003011
100000104
201201000
21101100
20110110
200121
21002001
211001100
21102000
201001200
101103
11020020
10200030
2010030
2020110
310101
11012100
131001
300011100
30020010
10140000
3200001
112100100
101000031
101001120
111001101
1010112
20200020
100041000
100013100
120000021
10100004
100110000
12100101
100101021
310001001
110000103
20011002
10011102
3021000
202001001
100200
11001003
110000121
100011102
20010201
10000122
102001002
2110011
112001010
100201110
120000102
1000041
101101101
3012
20201001
400000002
22000020
10031100
300001002
201100002
11020101
12010020
3300000
10200111
110101101
1003110
300210
10032
110012001
220110
130000101
4110000
210020100
10020111
300001020
2001111
1001220
2103
231000000
22200000
31011
1101210
200030010
30002010
300000210
11100030
100010031
33000
11031000
2022
130002000
121110
201011100
20110002
200103
100021011
1220001
1011021
1210101
410000010
20300100
10000140
101111010
101000400
102000021
400020
100221
10012002
210020010
100001013
104001000
1101000
2001021
100120002
3201
320100000
310000011
112020000
210012000
200000310
201100110
101002200
20001300
10010103
11011110
301200
1310010
110003010
100023
110000100
141
2200200
2003100
1000101
100100040
2040
221000001
110200200
1110000
100000011
130010100
10301010
100030020
110004000
100004100
101100300
111100020
2310000
1100121
1020201
1001004
213000000
30100002
30012000
200001201
100010013
140010
2020020
300100200
210200001
10000020
100000020
11100003
200011011
101201100
100210110
1202001
202001010
100111200
2020200
240000
23010
10103001
10011012
131000100
121000101
100032000
200002002
211002
21000
211001001
20000010
111002100
20010012
2112
112002000
210001101
10111200
10122000
2000103
11001300
1041
12110001
210000210
10000410
11010111
101002110
100110
111001011
10100031
200110200
201001020
410100
311001
1010013
310000002
31100001
200001021
2000001
200201001
1121001
411
100200201
11021010
10201200
110031
411000000
23010000
2012100
1010220
200012100
1003200
110300001
110000130
10111002
20110011
1100031
111111000
1020300
2020101
20112
11301
12101001
220000110
12200010
10210101
12000201
113100000
2040000
2002101
201011001
302000100
111010020
102000120
100220001
2010111
110103000
210200100
200040000
130001001
110001111
1410
10111101
101100120
101100102
30100200
200200101
30002100
110002020
20000220
300000021
202101
13000200
130010001
201210
10401
1020210
401100
301101000
20300010
10131000
20012100
100000023
4020000
1001040
100010004
1202100
20100210
2100012
100300200
20200002
100030002
200011002
300102
10010310
401000100
10221
120102000
10001130
102210000
310200000
41001000
112110
2301
101004
320010000
210003000
10121100
210002001
21100101
100310001
21020001
211000020
301000020
1111110
130101000
13101000
2003010
122001000
30000021
200000031
111100011
2000220
101101020
1111101
400000011
203000001
200003010
100011012
30111000
3000120
102000210
1101030
101210001
1302
101021100
201020100
3100011
12100200
101000001
100010010
11020110
10020210
220001010
23000100
200011110
101000310
400020000
4110
20102100
110010201
1002003
111001110
30030
20101011
300012
100041
10100001
20013000
100031100
210000201
211100100
10210200
300300
10201110
30010110
110000220
210201
110100210
11111001
1101300
310011000
302000010
200200110
210002100
10110300
4001010
102100002
1122000
10200012
122000001
20130000
300010020
100000221
101100201
10110021
1022100
100220100
10014
100001031
1102011
102030000
100002120
1012101
