303310
3002221
4000003
3010300
421003
312100
241030
120202
4201
1013032
2010130
1030231
3310000
13120
2430001
203023
2001040
210313
3040300
2020012
1002013
210010
4021
4321000
4300201
241300
43012
2020222
304120
302110
3200302
400003
410020
3301012
302002
1103002
132031
1000000
2202310
2101303
3040201
322120
313300
1302202
3210010
3021013
4200100
330400
32302
131320
2100004
32020
2022013
3202
410032
211003
110233
202402
40012
22123
3000133
1310230
113230
204004
201232
21043
1204
1423
4132000
402301
230401
230311
1302040
1300204
100402
1302220
4300
1003402
103402
1300330
332011
1203400
43030
2010301
3010024
3002110
2003101
2000404
23104
2030302
2020030
22102
2422
30412
300040
2040013
2033110
1003222
221023
32200
4022020
1400203
3302101
31120
1321003
1310320
2300104
421300
314002
4321
4100320
2042200
2040100
102034
3001420
300310
2022103
132040
231022
23311
1000303
2140000
2004400
4020100
230020
22204
1000003
1234000
2003401
30211
3102010
101332
4030012
2340100
2010223
3112030
3231010
1023040
23113
4022002
421030
101233
21034
20212
343000
1002400
3204001
202123
304210
1010020
3033001
1003
1034002
32023
4310200
2001043
120322
4040200
2430010
1230031
301033
2001133
3100300
1432000
2004013
3102301
400402
3030004
2022100
12340
2400220
2330110
42130
21133
32041
4033
213103
2000200
4100302
4201300
1303
202303
123220
201322
103123
302212
2022010
1010002
133012
201310
2230
1000213
3100222
22420
1103203
3400201
123022
1204030
2013310
43
201130
2100223
2332000
4032010
202033
2200024
312310
302032
2002312
230110
22222
3112
1223020
33031
4222000
2210302
3101002
201133
3030013
1200232
1001020
230104
2013202
420031
100102
3000211
430201
3040210
320140
3301000
2032120
23032
30331
223
12331
3001024
1220032
220312
14200
12301
1200100
10003
4
4300003
1202320
3400102
200431
340021
4102000
1300303
2031100
3023110
3101302
11203
1133200
2103100
121000
3010123
2014
220240
210301
320014
330211
3241
4020031
1033120
1330
203014
3021004
2001304
3023200
4000102
310033
2200012
2010004
100000
1002130
3211300
11020
1210
2302003
1022023
2031031
1004023
433
3000043
134200
203011
1013302
20023
213022
1040020
402040
3001030
4002004
4102300
2040301
222310
20410
1220023
13303
2003131
121303
41002
2200123
12232
3301201
1300024
3012100
3030400
333001
2102320
303010
300031
3130012
4020400
210103
201100
10120
3003010
100423
3041020
2220400
210430
110020
1432
10420
3031300
1200313
200002
1010233
101020
2102200
4000210
3013102
3021022
3001042
2400301
200233
224200
201013
2030101
3120022
402310
2224000
1222300
2312020
302320
1030420
312022
2122
3303001
34030
1002202
3201310
3010042
2300032
1400020
303031
22330
320221
130000
1323100
2023120
233020
40231
130033
1040200
3103210
123100
132310
4300012
1002031
133
3102031
410230
1040320
203113
13123
442
210400
340012
340102
3300022
4021300
1210033
1310032
243100
3030031
1324000
2304100
1102330
32320
202042
202321
112
2030104
420004
3003211
1213300
304300
2100232
2012200
2010220
3130000
2400310
2000422
322210
11323
1320202
2013400
400021
100240
1012300
3300010
3003100
130123
10402
3232000
3001303
232030
2133010
1012030
4030
2001034
4024
1340200
2140003
2010313
230041
201004
4003300
3033010
3040120
3001240
1201330
222031
100420
2402020
2403001
1310023
301330
132100
1303000
2301100
3122020
200104
1020232
213130
123010
2130013
422200
133300
1000120
2203021
2013220
20002
31402
1201003
3100030
1020100
3200131
431200
2001223
3001012
2300410
2200231
1002313
3221002
112003
2413000
3010
3222010
30241
1030000
102301
10324
13210
4231
30322
2000314
130021
3012013
3020014
4100002
202030
4320001
3010030
130300
3212020
402220
2200330
2410300
2300101
1010320
213004
130012
1120030
330001
1203301
3112003
3200014
433000
2212003
2030041
3012001
3300301
422020
202120
3011230
202012
2120203
2130010
403210
233011
201331
303013
1300132
3011023
23212
2131000
222400
113023
3021031
3000214
2030110
3210013
4000231
400102
2210002
3002011
201103
1210330
220030
2004040
2001313
2002021
3013210
21430
3001321
2103004
2200102
400312
224020
24202
100021
4103200
1320013
100243
40213
130201
204040
24013
34021
1024
4001032
1220230
330022
2031013
2020120
1201033
2231020
1021030
234100
200131
1200001
3123010
402004
3301210
40312
3001132
4000321
1402003
2320021
1204003
201031
3001210
1200430
2003122
310210
4203001
4003
222220
3301102
4200301
2232100
1203013
3124000
3300112
4001020
323002
2030221
3201400
3101020
2401300
1203022
3230101
4102030
4023001
2020330
3003220
1030222
3133000
100222
14230
2201023
3200002
2100013
2040040
221320
3142
1200103
133021
321013
331030
1210303
240004
120013
30421
1330030
3302020
1000333
200200
30004
121030
2220013
1103230
1034200
3400012
442000
3013120
3301300
220300
1021003
3412000
13042
1004320
211000
1300000
2042002
203104
1200043
2010232
10240
2023030
300004
1031023
10102
1123000
1200400
1031020
401230
13012
1310200
33400
403
3310300
2000203
1100233
210001
21031
23122
4400200
1220203
31003
202021
1123030
2200
3132010
3210100
120031
103420
2040400
2020402
20302
1000402
3102310
4200010
4030102
232021
132220
40102
31102
3230200
2400022
100030
1033102
3210130
103300
2033011
1200013
1010332
3000220
1020034
203140
2224
2023210
2010403
1004020
430210
40420
2301031
2002201
342010
20134
2001022
312010
42220
10012
1342
2202103
20203
420013
2431000
1203031
2013010
2001301
401002
3013012
31204
3303100
3020320
2242000
2223100
2023102
3013000
2000212
3023101
3012004
12133
4013002
2123200
2014003
120223
210202
110302
302131
330112
3340000
4100200
4021000
2310022
2013130
303004
110230
14002
331120
3002302
10030
4213
400000
10000
2013100
34102
30214
1303201
402400
212020
2320030
1030303
1000024
22120
12304
243001
130321
30202
202231
13204
32140
1304020
1020220
1003012
430021
13321
2031310
220132
110002
220003
11200
2040031
122230
130204
204202
4013200
2312200
212302
3001231
403003
2013013
220402
3301003
2102023
2012002
3340
1002304
3113002
2311003
303400
43000
2003041
3010210
3020200
2231200
3031120
4210300
2410000
100303
2022220
220024
1023220
1022020
3200122
31222
321400
2300320
3002320
3122200
412030
212002
213400
3041002
40120
2221030
21130
21103
2030230
1100002
2040010
1020040
21313
3030130
1402030
1004032
3103120
123013
4003120
1102003
43300
22000
2013001
3331000
2222002
3102001
3200230
100120
2300020
2200033
3300031
310420
334
3121030
21013
4020301
3002203
400303
302023
1300420
102400
1400032
2030212
2002042
3204010
303121
3130003
4010200
1032103
113020
2110000
313030
31000
2030113
2002102
1320022
1300240
2001322
132010
120304
2133001
241003
202210
1103320
1002040
1331020
104020
3021400
42013
40300
200011
3000421
300400
101302
310204
21331
301123
2322100
1200133
2020420
1030102
13312
23410
1321030
413002
420301
200212
3321010
2032000
1000033
3001
312301
4300102
2003311
401020
203311
3103300
1100323
1000312
3000121
2040220
3210301
202132
3004120
20221
4120000
1321000
1100023
3132100
230101
4203010
2030203
3120130
30142
2030002
20323
421
1021300
1000123
3201100
104320
1240003
2041003
21004
4213000
4000201
1403002
1103020
124000
21400
22312
320041
3100033
1302001
33010
1003102
122203
1020310
220012
323101
2020321
3300130
330301
113302
213010
40321
4100032
2030200
2210230
231130
340210
3300040
304000
2101300
2023021
220042
1002034
430012
120133
4000303
100003
1020010
3202021
2104000
120130
4240
30124
303022
2004220
423001
124030
3310021
1303030
2300131
3202102
12013
1402300
42301
3210001
3022021
424
3400300
2000401
234001
3010132
40222
32014
1030300
310000
1023202
400210
131230
4402000
4100020
2133100
2210203
2001430
1302310
2021203
102103
4010002
4001302
1001032
2010202
3103030
2032300
3103021
13021
103132
3040021
2113
4200220
3000313
2103130
2301202
4303
4040002
1032400
23020
3010420
1420300
1332100
100033
3100042
4300030
201040
1420003
323200
30100
2003410
113002
2410030
1032004
2312002
1030210
1003201
42310
412300
221302
201340
4301200
3022003
3000310
1300012
20032
1102
3032200
3120004
1203130
1303120
10300
101032
3021301
320122
4024000
4020130
2300110
1100032
1040023
123400
201034
2202010
1040002
1032202
3402100
3202201
341002
2212
4021030
303130
1003033
2200120
2021320
12310
20314
2031004
2001403
40
3021040
4003000
2110003
2012203
2103220
401302
1030132
1000204
220201
23110
10342
4201030
2201002
3201004
210403
3301030
4002220
1004002
1002340
200224
12220
2300230
2320120
203230
402130
110323
2122030
2203120
1103032
301003
22030
3230002
4210003
333100
2300011
102100
310003
3103012
312013
22024
1120
2110
3124
2330200
3000100
310042
1342000
23320
1032013
3210103
1330102
2302012
33310
220222
14032
4231000
1033000
2400031
301303
2233
231301
42202
30103
3021220
302311
211
2100403
310012
4003012
23401
1023022
101023
4200013
2320102
3400000
3000232
2031010
301132
4420
4031020
2220022
23302
220
3120103
4002022
31
222001
200302
1013020
222100
1003303
1013002
222004
321022
3322000
3400120
3100312
1240
1243
1032010
3212002
420400
124300
122320
4220002
3100420
131302
214300
113200
201220
3312100
40024
230230
200032
30430
3410200
3120001
2410003
222103
201223
310201
4002130
1320004
403012
3020311
1120003
2012320
430120
12022
4100023
20131
30121
2401030
213220
331201
223021
4201003
1320010
1200202
2020123
3203101
1231000
2113300
1012303
30223
2020132
123004
200221
330121
340300
2302210
1103302
2200420
402022
2004130
1002220
2300203
4300021
1003300
203302
2031103
4000402
2130100
302302
1021330
2042020
1043002
3201103
3201301
4030030
1232020
1002310
3120100
101230
3004000
1031203
1000420
1001233
3201040
220420
220021
3012103
400033
2030401
130024
22021
1320130
1022200
440002
103231
3012220
3021103
313210
23011
1400320
1233100
2000134
413200
132202
3002140
2002
200044
4300210
2001130
2023000
2120200
2330101
321310
1130032
30400
3221020
3100003
1312003
2123002
1320220
4103002
3300202
4031200
130
103021
3030220
133003
132022
20431
400012
2020303
140200
3020032
2400103
130303
2300311
3011002
302230
202201
3014002
340201
3300013
44002
4222
2021020
142030
2300401
2040202
31033
1001323
301021
2002000
220123
230011
3020221
1003420
2000140
210043
102430
2323000
412003
230221
3310102
2420020
203320
200230
3010102
3320020
4230001
2143000
202204
3302002
2022310
2032210
310312
1321300
30232
24004
20422
1033003
1003000
2104300
2020024
1000042
4000312
1004200
40240
1200004
1001320
3421000
220231
330100
330130
3012202
32221
1420030
303202
3300100
3232
4301020
2311030
1230022
1020340
2001310
222130
320110
2003032
2122003
120022
301420
340030
2200321
2001100
424000
43102
20224
1024300
3210400
3102130
210223
110203
2031202
322021
41203
2040130
311320
3001201
2303002
4200040
3043000
2013103
101320
20122
4020040
230131
300301
30340
1030123
4300300
1330210
2310103
1301320
203002
32131
230014
203101
3021310
4004002
2000032
1123300
2004103
2000143
331021
421000
100324
20413
2300200
1012000
14302
13420
13231
20233
4000420
1040302
1032130
3022
3024001
4001230
203410
34201
4021003
2200204
1033012
310222
11023
133201
120403
3100303
2331010
2210020
2102302
303040
13003
10033
440200
420220
210220
2030011
1231
2010001
1001002
3130120
311020
2200000
1200010
2003221
3220120
320302
1040203
3004201
3014020
10024
2303020
3022300
2420200
2100301
102040
2000320
103303
120400
1200403
1023103
2022001
2403010
2040022
210130
12040
230320
2130310
3240001
231031
300022
1302010
2100031
3030121
2043010
2012302
2031400
301402
420130
110023
320131
3023020
2301040
2200402
2100043
300013
332110
3003103
203203
2023201
2001004
3041200
2110300
1004230
240013
1330120
320020
210232
240130
131002
1402
1213000
430030
1040032
124003
322201
3032110
2223010
1320103
3011302
4000042
2010322
210100
3001312
2320201
2203201
123301
41200
402103
400132
3011320
42100
1323010
2000311
3113020
240022
233101
2330020
4102003
230023
1210003
304
400420
103120
1300201
131032
210034
24010
214
3400021
200401
2303200
2034010
120340
4202002
4302001
4020022
400222
3030211
1130230
2201032
1300123
131020
100432
2103040
3212200
2410
1203220
313
43210
10231
2200222
2013004
10021
1033030
2210200
2021023
3024100
4302100
4030210
3110320
31042
2113003
2320
213001
3042010
20011
1312300
3201001
42004
10042
2104
301030
3001123
30112
430
1232200
2310040
100333
1023310
2003104
4010023
1213030
2101003
3110200
1132
2341000
1043200
23230
3230110
40210
1230301
1023400
204400
3030001
2022301
1020043
3310120
1223002
300001
33202
30310
3010000
1230310
404200
202240
2030023
3000430
40042
1222
3003310
1403020
1310203
1230001
23131
103042
4200031
1223200
100300
240400
230410
200323
3401020
103240
200110
20014
3010303
2210320
202213
1042
1001332
2001103
13024
1021
4400020
3030310
1220200
2000341
312130
1203004
300313
2020300
1320310
1203040
1200223
211030
301300
2100010
22012
301213
4210000
1200031
3130210
131200
304102
201400
13222
1303003
1220320
2230021
2010022
1001023
200134
20140
2230201
3013
1000231
3102100
123103
2400040
3002401
4012
1400230
340000
3012031
302140
2031220
4400002
3200140
4102
2100313
1020322
3400003
4010320
422002
320011
301102
133030
2120320
320032
2021302
2000431
4002103
1002301
210133
2023012
2030122
242002
200341
103030
2021200
140020
3330100
4003210
1332001
2220301
2101000
2030311
2004301
3213100
10132
2431
2020231
200311
4100230
1033300
103210
3010312
2103400
3203020
1123003
1302130
120313
321040
1031230
1032040
200314
1331002
202
311230
4003102
2300221
2300302
2030020
230113
2202130
1004203
103312
3000112
3000010
301210
2202013
1300102
32212
1002331
1003030
2221300
2202001
33013
4000
4012030
1100203
3000331
1230040
1020031
401023
303211
12034
4200022
2201203
3211030
3200011
41032
2403100
2310400
2040001
400201
212200
3020041
2213200
33001
410023
3004300
232300
1303210
121330
4123000
3200023
4020004
3313
3000001
221032
100042
20143
3003121
2130130
310303
2020042
2000113
321103
24310
32122
3211
1120300
202003
2100133
1030120
3010240
4200202
240202
220204
320401
3202003
3020020
4000120
2131030
1200034
3001033
130402
3020401
302410
4100203
2221000
2000131
123001
204022
302221
4033000
1000300
1202230
2030410
222013
222040
203110
312103
2110033
2100400
2200213
2100103
132103
310231
3013003
2220310
1300210
1200301
1020103
1033
3410002
2002204
120010
32101
2032030
2311300
2043001
1010302
1030012
3031030
1023301
30304
2031301
400231
3000340
2140030
302200
1303021
2103013
2100100
2010340
3311002
1240000
3100021
22042
3104200
221203
210322
2130400
1200220
1300042
1042000
1012003
3103000
3020230
3030202
2221003
200404
4120030
231100
3300121
1243000
2120020
3010120
2004310
212230
212320
304201
3303010
2400004
304003
2103202
103033
3031003
3002200
311002
430102
132013
3012040
3002131
1230130
2101033
300202
2100001
311023
4120300
330010
2003110
2003113
2340010
120301
3301021
21223
330004
1303012
2030140
3231100
404020
1012033
1030240
243010
213202
331102
3220000
2210023
3304
3110032
402013
1023001
143020
20242
2012032
3004
2311000
3113200
201430
12100
1102303
2300212
1003042
3402010
3004102
3010033
40003
2000011
232120
104002
200041
200242
22213
1030330
1402000
1020403
3403
200410
3030100
320320
2120230
3200410
400204
222010
3040030
300331
23101
303220
1200022
1020133
1333
3123001
2002330
322030
202222
310132
1123
4000021
1203100
2100040
311302
2020033
420100
3021130
4002040
423010
311032
4010020
200203
2010430
42040
4132
4000213
320230
1042003
2131300
3101032
104230
3002311
3003112
304030
103003
2013031
1001302
1333000
3313000
1023100
132130
2220220
2301103
1034020
321004
3002212
4032001
2313001
2301013
34000
2010331
2002024
104032
101323
2032102
133210
210022
313102
1103200
1202023
2302021
3200101
400123
2003200
23221
2131
142
310
21310
300010
140320
132001
1320040
234010
230212
102403
2203210
3420001
20401
2011033
2323
3103
2041000
40303
1020001
1002001
43021
300142
2231002
3120202
2341
33121
2340001
1021303
10333
2001202
4312
1300300
2000230
410320
3311200
21220
3002113
4002100
2110303
3110002
140032
3021202
1240030
1013200
42001
3030112
2203003
1130203
2201200
40030
3102022
3024010
3412
4130020
2230102
3120010
3010213
31420
13033
30133
1003120
4030000
2310013
2302201
1203010
2200312
340
3201010
2004004
100123
3000400
2304001
2100220
2300122
1020400
4130200
2130022
3401200
102340
2140
330013
2034100
3100132
204130
102010
3004003
1000102
112030
313120
3032002
3410020
101002
4200130
4010302
4003201
2314000
3014200
3001003
320410
2004031
24400
1403200
3102220
3100204
420010
322012
42103
2240200
2321020
2220040
2310004
1020004
2223001
2110030
1012330
3400210
122032
230302
2212300
2140300
3102202
21010
3203200
1000234
2120032
300232
10243
331012
33103
140023
121033
21022
124
3220030
1300312
2014030
24040
3031210
3000223
1320031
1102000
1024030
2020204
3200221
4003021
1330012
1302013
2102002
3140002
1201300
4330
312031
2000323
1302022
300130
1000
13132
1100320
3240100
3202210
240010
200440
21301
4000123
3101320
240001
220210
41320
201301
40201
2320000
2400130
440020
221020
202420
230002
1300033
2420002
2202400
1030024
310213
2030032
2400010
3022210
14203
3010003
2000002
2240020
2123020
3133
420040
3010231
14023
3003013
43003
1032301
30220
1020304
3403000
2011300
1002022
13
222202
3030301
2100430
31330
402100
2000044
103201
200122
2302300
3002230
332200
1301032
20332
21001
3000304
121003
1331200
2010034
213310
301321
3001330
4000024
2130220
12043
4210
3142000
1213
3222100
12031
203020
242200
3130030
1002043
220213
2020003
2120002
1030
3034
20104
3102013
231004
3012022
4301002
4023100
1204000
2103031
2143
2320210
2130040
31132
2213002
2310301
2203
3002410
3001021
1302100
1003240
13102
2300023
2130103
3222001
3012130
12400
2040103
1002004
1321
1000321
3321001
2002033
232000
1302103
2024020
30022
3220003
2302120
1203103
1003021
3011032
223012
4030120
31303
400
232
240040
33100
1023004
4312000
1300021
304021
3002041
3031000
2000020
1430002
2402200
1001200
1032001
324001
2022004
2200132
2032021
1003321
3003004
3000031
2240002
1301203
1100332
2023300
1230004
300304
1004302
3220300
140203
3100123
3023002
4002400
1222030
1200040
2020213
3021001
12130
3310030
1030003
2002300
430300
201001
2032003
2303101
3421
3002023
403300
2300041
122002
2113030
1033021
103000
210013
32110
2040004
3011200
3031201
30040
303301
201010
100012
302041
1023031
4220200
2222200
11320
404002
132400
130210
1302400
1200130
1100302
1032100
3120040
102043
22240
3214
3202030
3300310
3020023
21340
1133002
2130202
412000
223102
3230020
232003
2002240
11302
2440000
202330
30130
30013
102313
4012000
2103310
33004
1000012
3110023
300220
3201202
231013
300421
3302200
310330
222301
130042
200143
4303000
2300113
30034
102004
4030021
400030
1020130
1020223
1010023
4020202
1042030
202312
1003123
41023
4300000
223003
230203
2021032
1020022
4020220
3003022
1322200
200422
3301120
203122
321031
3020302
300100
1022320
3420100
3210310
1103023
2010133
4200001
2103010
2012020
204001
2002003
310300
31300
130132
3003301
2001340
403120
22201
3000034
2310010
2033101
3123100
231040
2003014
22132
22231
2003023
1010203
2001013
113032
3022120
300214
2200021
1000132
3202120
203131
3031021
2313100
2011330
2000101
31321
1132000
2011000
1030312
431002
23014
322003
2230012
3100213
133120
2230210
231400
12103
212032
210304
3020131
3223000
2220202
1304002
2103301
112000
12223
2100130
3100402
403102
220120
3012301
3200203
4032100
432001
3310210
1031200
430000
3102040
10234
1130200
2022040
1313020
204031
310120
304012
3400030
320023
1203001
1022302
22402
21232
2202100
30001
3201220
214000
213013
2320003
1023010
231010
213040
321202
3200311
20341
3202000
2020312
3200113
4020013
2212000
3102004
3020113
4010230
3003130
103024
1301002
103204
20440
4002001
134020
340003
1200331
1020202
3013021
20404
2000023
333010
2202220
1022032
140002
3220
3002104
4230100
1000330
310030
300103
2010103
220033
1320100
2332
3203110
100231
3002032
3003001
3012310
21322
32011
2014300
200140
4040020
313000
2232010
2202031
213301
110332
203401
31240
204310
2230000
1021033
2302
3220021
120430
3000130
1013023
2030014
312040
3021010
220330
1010323
1000342
3120400
240310
3003040
2430100
1300120
1030321
240031
34300
2013301
1010200
4200004
1400023
143002
330220
3241000
204103
142003
4130002
2003230
2310031
1204300
23002
2303110
12202
2010304
301240
3000124
3030103
1003312
103222
31312
3000142
2000110
3110020
410203
310123
2440
2203030
1000201
1330201
200113
301231
2101
13030
1002403
3100321
210040
2320300
2004001
1030402
130312
3032011
3002101
1030204
2002231
2000440
3214000
210004
2400100
102202
3120031
104203
22210
3300400
4000240
1300213
2232001
2004100
3104020
402031
2230030
4000132
2301130
3130
3102400
30403
20230
23041
2404
4123
2302000
3000403
2212030
110320
200101
3000301
1130002
3031
4002031
120034
312202
30031
2002420
2000332
403000
3130300
133000
300034
1020313
130003
303001
3101203
311200
3032101
1300231
31030
3220210
342100
312400
3430000
1340020
1002133
10123
2003011
212023
1130320
1220302
230032
3100120
4001002
12010
20113
2313010
1033201
3001120
2120302
2000122
120310
21100
1102033
401203
4003003
2302102
3210040
4000204
2132200
330202
11032
20044
2402002
420202
20110
221230
14320
1000243
213100
3020101
10432
2401000
1313002
210340
332101
2220130
3220012
301201
1430200
3020104
2314
3100012
240103
321010
230140
104200
202000
1201000
1201030
3043
113203
1003003
324010
3000241
330040
100330
3120220
4402
1100230
3100240
2011
221002
2203012
13402
3121
21040
2311
3013030
2301004
3312010
3011203
21403
112033
220321
102001
203032
2301001
200320
200332
2010031
32401
10201
220000
2301310
3100210
413020
240100
4010032
2020210
113320
3300004
33220
41020
1310020
32203
2002210
401320
223210
112303
20101
3103003
4200310
33301
1003132
403201
400042
4004020
1130302
2002123
2100022
2020021
301
3040012
3022102
3042100
3020011
303112
2103001
2010400
204010
4030300
3020203
303100
300340
22003
123031
302113
4042000
2003002
1231030
2310100
2204200
2310130
22033
3310012
301012
2130301
2201302
34120
321220
310240
3210031
3101200
203212
100342
3023011
2010310
3240010
3101023
3201022
143200
1423000
1001230
4003030
3010402
4022200
101200
10312
4302010
3100330
211303
320101
42400
4310020
4000030
2004202
2002120
200020
1030201
2003140
3110302
1233001
110032
312001
2310001
120100
100024
11002
1330300
320212
24022
1201303
1032310
314200
24301
3001204
4002013
2303011
211033
123040
2044
3300220
3000322
2020240
3131200
3211003
2122000
3310201
23203
2321002
3030040
400330
330103
431020
300322
3012010
3000022
103102
223030
2110330
2010013
1003213
130231
1301200
3121300
34210
4000012
3310
3230011
3001222
300043
310021
4012300
3000412
4201000
2002030
1230103
10303
1010032
4330000
4013020
2100331
323011
3321100
3002122
40000
1031032
210310
101203
100213
2200003
1030030
3003400
130222
2200300
3034000
1120330
2001331
24031
121
2301400
2301220
20200
341200
40204
140230
131203
104302
4001200
400024
102130
410200
120040
100234
2033002
3020002
2213020
1022230
3100102
342001
3120310
103012
2322010
4000300
3010330
2404000
1002232
123130
2301022
2000242
240220
3002014
4120003
1203310
2200201
1020013
3203011
1232002
1021000
2012230
3311020
314020
4004200
1210300
213031
3012400
322102
332002
2220031
1200340
2031001
1020301
4204
1202002
102331
13240
300403
120103
3320200
130240
204301
4042
1400002
1230013
232210
23140
4420000
2100322
30313
1202032
401200
3300103
2001031
3120013
3022030
3003031
1132030
33022
2011003
2122300
2104003
222022
40021
3001213
3121003
3104002
3213001
3022012
3004021
4030003
3200032
4000033
133102
410302
301024
1002430
2000224
320113
331210
3300211
2000302
3322
3401002
201304
2413
4030201
3301
324100
2041030
4200103
420022
400213
231001
3031012
2000233
3331
200413
321301
32104
2330002
1340002
3400
1003210
231103
321130
24220
2104030
3202012
204013
201202
102304
1222003
1301023
11233
11332
42010
2320012
1202302
34003
201043
3010201
300211
2233000
2302030
1132003
420103
401032
4001203
1320001
423100
1234
2033200
1322020
2130001
1013320
23023
4210030
1230100
103
2200240
1233010
331003
310321
3112300
102220
31210
32113
2230003
1300
201403
331300
2310202
2002402
320200
1000222
112300
41302
32410
3304000
2103103
3040
103213
301312
3030010
1230400
202102
202024
10330
201022
100312
400321
4010203
331000
1132300
1
3130102
1322002
2322001
3100024
3020212
131023
310102
4000222
300133
2022202
2032012
1003024
4202200
1040230
3200020
1031320
3131002
233110
2002321
3001102
3213010
321100
320104
1312000
2331001
2204020
2300014
30043
20320
3022201
233200
1230202
2220001
2011030
34
1320400
1001203
420001
1000030
1323001
330310
1303102
1023130
3300001
3002020
3302011
1324
1200322
1000021
3231001
231202
42031
1133020
3020110
313201
303103
1100200
2100304
3100
13201
301042
4001320
403030
1230220
312004
2003020
1302301
420310
104023
3020122
302104
31231
1332010
1213003
1310302
2102203
112330
2400013
1231300
332020
3140200
100201
4320100
4310002
320002
2040310
32032
2002213
241
203041
4020103
2024200
2034001
2203300
1222000
202300
3302110
2032201
2031022
3003202
2204002
42022
331
203221
1300222
2001400
103330
3110230
2132020
100204
4240000
203200
201313
4103020
31021
1000423
3204100
120043
2230120
2202301
102013
2020000
3030022
3130021
43120
302101
2030320
2003203
2310220
2300140
2004010
13213
3004012
1130023
2100340
2041300
2043100
432100
233002
130120
210031
100210
220303
3200212
232201
1420
1030042
2304010
1033210
140302
340120
3102103
4000000
2400001
1210000
20020
3121000
120220
120001
204220
3002002
2013040
2003212
1002103
100
12430
12004
31123
2023003
3000103
313003
2021230
2012023
1032031
343
20311
4001023
1240300
1312030
230200
330031
232102
1400200
2113000
2102032
22
3200401
2022022
3021100
2200030
1120303
300430
200023
1002223
1330003
300223
1003231
1032220
3004030
2130004
2031130
3122002
10321
2101330
2200210
1024000
2401003
2202004
3430
3000004
3420010
3201013
31201
412
1030021
402010
231310
1003330
2400400
1304200
102022
1020430
30301
122302
3200320
1430020
1210030
1330021
2120023
123202
3013201
31213
4002301
301000
1420000
2220100
1120033
2022400
323110
1303300
3000013
40123
4202020
2010100
3200110
120232
302011
2200303
3112000
130420
102232
312220
322000
102031
24130
3200200
1020331
3001402
302122
1231003
2202022
1300402
2010010
3010012
2002303
1013203
2101030
2131003
130030
1022002
2002132
242020
2044000
2020201
33112
1030033
320203
1301230
231220
300241
4023010
40330
23200
1000210
2203000
2310310
130213
2202040
2013022
241000
3033100
1313200
2001010
120331
1201
4002202
132004
2220010
100132
10210
3330001
322
403021
130102
2242
1320301
2014000
13330
22303
3210202
3001000
32230
224002
3210220
1120000
1202020
1010230
3031102
1301020
1022203
3004210
2002222
2000104
3130201
3032020
1301302
22300
1013230
1031302
232012
210331
40402
4300120
2330011
400240
3312001
310402
313021
1302004
1024003
134002
204100
3010222
1003204
3320110
10423
3020410
4000330
2220103
2301301
3201130
211330
3223
3013300
122200
341020
2203102
2200042
221200
22321
2221
2000413
3320011
12322
3022000
4020010
2003302
2102230
1203202
2401
43201
121300
310024
4002010
102223
1100020
33040
3202300
1202203
1200310
1130020
30010
102133
302401
31024
2041
2100310
2000410
3132001
3010021
41230
1400302
2024002
1002100
3110203
320311
4031002
13000
21304
102310
301222
301204
1312
3040000
3402001
3103102
3100201
4020310
2201230
24100
1302031
214003
2230300
321001
244
302014
4203100
13300
2011303
3131020
200014
1002010
3140020
3221200
2400202
2004022
3101230
3200104
2003320
1202200
402001
103321
24103
3330010
1300003
2222020
2020102
2000014
1300321
212203
223201
44200
12001
3000202
323020
1102300
24001
32311
211300
223000
2321200
1220002
2202202
1102030
3001300
240301
313012
2031040
1032022
2020
4320010
4002310
2220004
1042300
2022130
1030213
2002012
3210022
3200041
100321
4200400
400300
2130031
3010321
44020
34012
300412
4220020
4020001
1230010
32002
2000041
3203002
1200304
3010204
4012003
1031002
2001001
10
3320101
12403
2134
2301010
2022031
3220102
311203
20041
4204000
40033
2030131
223120
300121
2134000
322300
2201020
3120301
3100000
302203
432010
123310
31012
2033020
132301
33211
2331100
2023
4120
3011020
3020140
3040102
2102020
2100202
11230
334000
2201320
2001220
3100231
120004
402202
1012
130330
1002322
3103201
244000
40132
1220020
14020
301120
2132002
2103022
33130
1023013
2021002
3210004
10204
300124
3220201
214030
102322
3320002
400120
430003
2010043
21202
1330000
302020
2001232
122023
220102
110200
12313
1300030
3040003
1000432
3201031
410002
2010040
122020
1310002
2032
1000240
230122
300112
3310003
3000040
2300002
2422000
2100034
3211000
10213
4230010
2000221
142000
142300
3042001
223300
2210032
1043020
1000324
10222
