230013
302004
3320100
3100203
3200301
332100
123003
3132
300003
300201
10332
4032
4300020
3000003
3200130
22200
13020
2400000
2003130
203220
2300013
1000032
3200004
4200003
3003300
3300120
330003
1003023
303
3001020
400203
320103
3010302
30003
330
3203100
1200330
3012300
201000
304002
201003
33102
4020003
2004003
3000123
201330
420300
332001
230202
203031
201
3023100
3010320
313020
203301
1320
1230300
1002003
330120
3130002
2000130
103020
31002
2310003
132000
201303
2403
1032000
3000042
13302
20103
30021
3300201
3000231
402003
320022
2202000
3010203
2000403
3002013
100323
32022
30213
3230010
3300012
302220
3321000
13203
3103002
102300
432
3300102
3100020
2032200
1030023
3002130
2331000
303030
2103030
330210
300312
21033
20202
2002002
3000024
400020
200310
1002
2220003
3032001
423000
304200
2300310
3013200
3030201
2130
2322
3303000
33003
300024
2013003
223200
100320
4020030
2300220
300033
3020310
3222
200400
333000
3120300
230310
3004200
4020300
3213000
1023300
2400300
3222000
302301
103023
22020
2300010
3020031
321030
20322
2310300
2040003
2010030
24030
23013
3201003
2003400
313200
3200220
3012030
3002220
330300
3033
23004
3210030
2202300
1020303
1003320
3213
3030030
2130003
1203003
2000232
420003
310320
3102030
3102003
2100303
1000002
430020
320004
100233
2040000
2030103
432000
2000034
202032
32100
10200
3120
4302000
1332000
3030012
1332
2000310
1000203
220200
2130300
33000
3021300
31203
20043
2040300
2031000
3001002
10020
400320
13200
20130
322020
3303
100332
3240
310032
200004
40023
2200032
1030203
30030
213003
210033
4203
3003030
3200001
3000102
420030
200202
20031
231
4030020
2300100
333
2004
2200200
100023
13320
200100
402
2301000
3203001
3000312
204000
102303
300231
40032
303000
1002303
320202
233001
130230
310002
102000
300240
2313000
2300022
1020300
33012
4200030
3302100
33300
30321
130200
22320
1023030
2010300
403200
3030300
2003310
303210
200304
12303
1032
4003002
2130000
203010
1300023
1023003
3013002
3023001
3010230
3000300
3130200
2330001
210303
4002
210
302310
4000200
2002020
202320
30240
30222
342
1320003
3021000
24000
1002000
203400
31032
10230
4000020
2310030
231030
2320200
1330002
2023200
2200023
400032
32031
400230
323001
200013
32400
20220
2020203
1003032
2003031
322200
3123
310230
102003
20133
3132000
3032010
232020
3002004
340002
3201
2030130
2030013
3003102
2032020
103302
3210000
3100023
231000
300102
2220
102
430200
320301
1230
1020030
430002
310200
200232
12003
2330100
3230100
2010330
30042
1300020
222003
303102
20304
1200300
30300
1003230
200313
2103
3103020
3000240
302022
120303
31023
204
3100320
3003201
12030
2001033
230100
130032
324
2230002
3201030
3012
2010303
320040
22302
3001032
30
400023
2223
2103000
1300203
3002310
204030
1300002
3000213
312300
301032
31230
3300030
2133000
3040020
200040
22203
3320010
3100302
202302
3002001
2203002
1020330
3003012
120330
320310
320031
2220300
1300320
320100
2000133
23103
3201300
2030400
3030210
2300001
2043000
30033
20430
30123
4032000
3231000
2100300
23031
20010
420
2001000
210330
34002
1002330
2000031
12033
2000220
210300
203013
1302003
340020
1323
200133
2100330
2002023
133020
400200
230004
203310
103002
20313
4003200
2033001
3002103
3024
30120
1020000
3031200
302013
3100200
132003
2000331
302031
20403
213
4000002
1230003
2022000
30303
2030001
2000022
23040
10233
3000030
3000033
303003
2032002
220302
2010
40203
4003020
3302010
100230
2022
330201
210030
301302
34200
3230001
230400
2330010
3013020
30231
23001
3400200
3301200
2023020
2000340
3200310
1200003
2002302
32130
10323
2403000
1003203
302130
120300
40200
200331
3204000
3200202
3001203
2203020
301320
32010
2001
3120000
3330
200430
1002033
320130
22230
4002000
2200320
3004020
2430
3202002
321000
33201
20331
2232
1023
240
1000020
300012
32310
1200030
2022300
3010020
2003013
3
4030002
330030
2202030
4230
2013
403020
203004
21330
320400
100302
21300
13002
10023
4203000
1030200
1003002
123
4300002
3030000
3220020
2000400
234000
103203
2034
402300
42000
40230
232002
103230
301203
200130
30402
4000023
403002
132300
20301
3031002
13230
30012
3030003
320220
220203
3000222
202230
100032
1302300
2300103
2030010
2400003
2340000
3200040
213000
323100
42030
3402000
2300202
402000
3300
3310200
2320020
2004300
300204
3301020
3010032
220032
3020220
223002
331002
203001
3000330
3220002
3012003
230301
320001
203130
30132
1300032
1003302
3030
3033000
2020032
200001
21
2000100
330102
301023
200043
102330
303201
303021
3102
2003022
100002
30024
323010
231003
201033
202023
22023
1203030
2202003
2002203
32004
20001
2030031
130302
103320
3002010
2000322
2000004
303012
30102
2223000
1302000
2304000
3042000
3023010
12000
20040
1030320
312003
220320
120033
132
2301030
2013300
3032100
10320
222
2040030
2003010
2003001
202002
1203
3031020
2000223
204003
2220000
123030
3312
3200400
3200103
1030230
30204
3100032
2000043
302400
3003021
321300
230130
220023
20034
4230000
3201000
1020003
1000323
10032
3300300
1300200
1300302
312030
301200
300042
42003
321
2130030
3022002
3000402
22032
2031300
2031003
2030022
30000
310302
130023
304020
30210
4200300
2203200
2100003
3001200
3001230
1000200
243000
202200
3300003
2400030
2020023
1033020
2022003
3000012
32103
2340
42300
2002200
3002400
2000040
1002300
2003040
2000202
301020
32202
2200302
3200031
3020001
3021
4000302
240300
3231
4200
2023002
123300
332010
300303
24
1303002
302010
2031
1030002
2133
3420000
1000302
2202
2302200
2303100
3004002
2001303
20223
2302020
1032030
3020022
240000
130320
20004
0
2013030
2020002
21030
2100
220230
200322
100203
2030004
123000
4320
300000
3300021
31200
1030032
210000
31320
3000303
1033200
1030020
201300
300300
3040002
3030102
3020040
230220
3103200
3040200
1030302
1020033
3002100
201030
100020
23310
3000000
1203300
3020130
32301
2033100
222000
203103
300030
230031
300222
310203
4023
4020000
3240000
20400
3200013
420000
322002
24300
4200000
4030200
3102000
303120
2302002
2022030
2010033
2001300
3003120
2003202
230040
23010
1303200
3102300
2020302
32001
3210
2304
2103003
1300230
3022020
2034000
220020
10002
3003
3000021
301002
200010
4020
3302001
2010003
2003103
2020200
3002022
1233
2000430
2043
1323000
1032300
2031030
320013
3301002
232200
120030
3300210
3002202
3002301
2000103
342000
2232000
2220030
3130020
321003
203022
3204
3312000
3100230
240030
1200033
3010023
203100
43200
40320
3003000
3400020
1200303
20310
2002032
20100
2200230
2200020
3100002
32220
2300301
1032003
300132
3200022
3012000
1320000
2300400
2200203
12300
2322000
320010
300120
303300
200220
312000
4320000
2030220
3002031
120003
302103
3200010
3000132
4000203
1203000
2103300
330000
3200100
30312
200340
1233000
3310002
100200
12
2030040
233100
3321
243
3400002
3020013
3001302
21000
2000013
210003
300210
2004000
133200
2313
1000332
204300
1303020
2030310
3020301
1230030
2002230
310020
13032
120
3021003
3001320
1000023
3020103
213030
3000120
331200
300321
34020
3202200
3003210
2003004
33120
1020
3042
4023000
300
330021
1033002
3020400
202203
102030
200103
12330
1230000
2230020
130020
2003220
3000201
313002
1320300
300330
3021030
20022
2310
2301
3300000
30330
31020
340200
213300
302202
300420
23130
2200002
3030120
1003020
1200
2040
22002
10203
3022200
2000010
31302
43002
2100030
33
2000001
2033010
3123000
3120003
2301003
1302
3202020
3030021
231300
222030
1200000
1000230
402030
132030
200223
2100000
1330020
2320002
3420
3001023
3000204
20013
203202
202020
32040
32013
33021
2301300
1002030
310023
2400
2331
300021
23100
23220
21303
30201
400002
102033
103032
400302
1000233
312
1302030
2100033
2030301
2300130
3000420
2300031
3024000
301230
203040
2002320
3000210
230103
302040
300213
3210300
3020010
1003200
4000032
2303001
24003
230001
40020
33210
10302
4002003
2001003
2000304
20232
4302
2030100
3010200
2003301
3020202
4000230
3203010
43020
2004030
300402
4300200
3220200
1023000
3402
2001330
330012
200301
4002030
2300004
222300
302100
23400
13023
234
2430000
2020020
2003100
130203
40302
40002
42
3320001
3020100
3000
2013000
3020004
2000301
233010
220002
4002300
2230200
1320030
103200
200403
200022
3010002
23202
23022
3210003
2010000
2020320
223020
133002
302001
423
4000320
33030
120000
200034
20340
2303010
324000
300123
2020230
23301
21003
1330200
3120030
2300040
1000320
2000313
331020
230022
130002
3330000
2310000
3310020
200031
30420
3000321
240003
230010
3002040
3003003
2030202
2001030
