121032
132012
232011
3200040
2003400
123000
3021102
1041
1210032
1303011
231
412200
1040022
2011320
400041
1030020
1331100
13200
102
1100322
3111003
3101022
313020
2002113
1200000
2301000
2200320
1003320
122100
1302300
1210200
3001131
1221
3120012
401001
2004003
1200
241002
2202003
1042020
121320
122310
221031
202131
3300120
2002203
1242000
1010040
34101
3201
3310011
31014
31023
3122010
3100101
3231000
4030110
1003302
104130
20001
1020312
113220
4100031
1400100
2301120
1200021
1103040
34200
1230003
3001230
1310130
242001
313110
420201
4002300
3010020
4010040
2200011
1000224
22212
31221
3032100
402003
132
304101
40104
30021
411300
204012
320112
2000403
1031202
3203100
1031400
2010312
1002012
3200310
3002400
1220220
2310012
1011000
230112
2130021
2210031
40140
130113
2003001
1310040
1100400
3002211
1110
423000
2103102
100302
224001
111000
340110
2120310
1010313
2001030
2211003
330021
140031
41040
3030120
2002200
230100
3000024
230211
233100
1202040
2201013
1332
200421
313002
1020231
13110
1020042
3100110
2300130
42003
4230
3001110
101022
2000340
1030014
2000214
2210310
1013220
413010
1200033
103002
4041
1231020
1130004
3222
11022
410103
201210
1020330
3021
21012
203031
1001004
1113000
2211030
1301103
41310
3004110
4003200
4020210
2000301
1021020
300
120402
2202030
202002
2001201
10140
3002121
1003200
312030
130200
2101023
222120
1031040
1013004
2002101
3140001
2010003
1131030
2101320
33210
101310
420003
2020122
30240
1020222
101223
13014
101232
1020303
1404000
102300
1301220
142200
112302
111030
220110
3100023
40302
410010
400011
1020030
222300
310320
23202
21312
3000231
1103022
300411
4010301
1103301
3120
3010011
42201
420000
2121300
2201004
3220200
1013010
30231
1004202
1130130
1440000
1223010
102030
1102230
2202210
321
3001200
4001202
1132002
1320
3012
11010
1113030
100422
320310
100242
2020023
232200
314010
31101
4003101
402000
30201
120024
101013
4200003
421020
101220
1001331
311022
4021002
1310001
1102200
1200132
11232
100401
2030022
4000110
304002
1123002
21123
3001122
220014
43110
11100
3000303
1013130
43011
3210030
10233
4020030
1103004
2031201
1003311
213201
23121
4302
30300
40401
330120
2320101
1102023
1000113
330300
2301030
2020221
2034
3101040
300141
1000404
3110100
140010
1131
3202011
431010
3020022
2102202
302004
3011301
311301
101400
311100
1340100
2032011
30042
122220
4001130
300213
3041010
3011310
2013003
2120130
410130
2010210
321102
1422000
240021
1100010
4203
4021020
2301102
103410
310011
301212
4201020
1030113
121302
13041
3001104
1030410
1000131
240
2304
3001014
1220004
2204100
100230
12330
12231
2022300
4311
101043
1431
2120022
1200042
1012203
103212
3100320
200331
2200311
11004
300042
1401000
102210
1030041
3141000
1000023
1330101
210240
2012310
3111
1110000
323001
2310210
1100034
2100000
3003003
31020
1010220
2000100
2210103
210201
1331001
403110
4101300
3201003
1030002
12213
10212
3004020
130230
310002
400101
133002
1201230
300222
1003110
3410001
220113
4011003
1022004
1001130
212040
100014
2302200
2001300
1040040
4000122
3101310
1004004
1002222
201021
3320001
3002202
1401030
3310200
2310120
221301
21024
130140
430002
1202031
114
4131000
2211300
1013040
14100
3021003
1100232
2010012
20214
3222000
3120300
2010222
120123
3110010
14031
1200003
1003104
33000
130101
3010401
203220
3120021
221001
111
402102
20121
2112003
2301201
2100102
3401001
2014002
1013103
1410003
1300101
211200
13401
223020
301230
402300
4002120
2230110
231201
3000204
1120203
2200212
3003300
104022
2400201
2001123
3121020
1002033
3000012
4101030
3020130
34002
4110000
4010022
3032010
110040
2211
2101200
102033
214020
4103001
1304010
100104
3110202
2102220
302040
1010022
2002104
324
1320300
1104030
2020011
3110400
301401
3201120
2101002
232020
3110220
2031210
4002003
300330
2010000
3020301
42120
144000
131001
220401
101031
1320000
1310310
23211
2302011
3010302
2130
212220
401004
204102
330030
32400
2223
1004103
3021201
231300
300420
2001024
1201032
3010002
100041
4212
1040310
201231
4300002
4012002
301020
201024
200412
1200012
1020012
1323
3110022
4103100
3103002
3031020
302220
200124
1043010
301023
10413
20103
3012102
13140
30411
310023
300231
1021320
1101
3040002
113103
110331
130311
41400
2310000
300402
3200031
2001
13122
4301010
1320201
32031
202101
202140
133020
1014000
3402
4103010
3002040
1120020
104010
3000102
103320
3101220
34011
121200
41103
4030101
4030011
1133001
320040
2410020
101010
3101004
304011
3300000
303030
30210
2010231
1400301
202203
2241
1134
1023102
32040
212400
210123
3030000
4210002
4300101
230400
3302010
1011330
1002
104202
2040201
1013022
1010043
400212
4000104
2301012
212010
30114
1311000
230310
1001301
4010100
2122002
3101031
401013
101430
3100002
1321200
300210
3103110
4022010
3000042
110400
321021
301002
2011032
3132
1310013
1014300
301011
3003201
4001040
100311
4030002
1232100
303111
3012300
1300113
2000304
200220
20301
10023
222000
1302210
1302021
2102004
2000121
110100
3201300
2321100
1310100
1024002
1303020
1220310
4122
2011020
1010304
122301
2300010
2030103
22020
2220
2122200
3100104
302202
1040202
1010013
240012
122040
101130
103101
2140200
2102310
302001
1004010
3014001
1120200
2100213
100203
1003122
2320002
4020201
31212
301221
4104
333000
2210400
1010310
111033
1010031
110133
3000
13131
3001011
120204
1311030
1022202
413100
201012
4200030
1402020
31410
4000131
32130
120213
22122
2301003
1300302
132300
113040
102312
4030200
2000220
1420200
1000314
2041200
1031130
103041
10221
2310003
103023
1023120
1020201
3120210
2303100
4001100
4000212
22320
2113020
2003220
3000222
22104
2303010
322002
300240
3000003
1031220
2003211
1321002
1301100
201312
2203020
102222
3200130
2010120
401400
110130
4120002
1003002
1104003
2004102
110202
320100
1020102
321210
4040001
1403010
132030
102213
330003
1201320
1012200
10431
2400102
1203210
3200121
213000
2024100
3012021
1003023
1400010
1022400
10122
120312
2400030
2004
2300310
2012031
10410
1010400
110340
210312
104040
1222200
1010223
1003140
330201
1130010
1103310
1100031
31110
1314
3230001
1000020
203040
13023
300024
33201
1012020
13104
10134
4100004
400203
1123020
42030
1033020
4000041
210204
1240020
2010030
3001002
310110
4031100
41004
113130
341010
10314
3030012
2000022
100404
3000411
1220013
1000110
1000104
102123
2200221
401031
114003
112230
221100
2002320
321300
42300
1000422
202041
11223
1002000
2104002
1031103
13020
3210021
2023200
2030001
1010403
1030311
2002140
3010122
2030004
1431000
1240002
1313100
3231
3220101
2101020
2021004
301410
4004100
20403
102132
310410
3001140
1322010
2022012
3210102
101001
400221
100122
30033
332010
204030
3103101
2330100
1000320
300030
1232001
1001034
142002
1401003
2100024
12012
10104
200232
2020041
14040
31311
4010220
1224000
2011023
221004
40212
1002330
123201
131004
11133
301032
210321
1301301
1301010
1040130
4000401
2210040
20112
2023020
32004
1001100
2200203
2420010
32301
202110
320004
201201
2130030
3040020
1400004
211023
1002123
13410
2320200
3002130
3002031
300012
3320010
2300013
2002122
24012
1401
3202002
233001
2102130
1040301
2013021
12024
3004101
2200020
3010200
2212020
2110020
2021040
122010
1000302
1230201
2104200
1202103
1100340
1020402
221202
3021120
310200
2012040
20310
20232
210021
3301011
1002300
112203
211203
231012
10422
1003230
3020121
2103201
310014
1430010
1223100
31113
11034
400230
1103400
113310
103122
2020203
4000101
420030
4023000
4130100
2010033
3301101
300204
122004
1210002
2313
422001
110313
101103
3020013
2100420
1031004
4300011
441
1001304
311130
20142
10113
1301001
1020132
2020104
411030
1202130
4400001
4110300
1020033
1220400
1034001
122103
4221
3200001
1020003
3000321
2102031
124200
3311001
4200102
1300023
243000
2102010
1130301
40002
131310
211032
1201203
4200201
2003202
2130012
1301202
20100
4022001
3002001
1220001
20022
30303
2040012
13203
1213002
32202
400311
200400
4020003
3303
1010100
321012
3000420
2013012
22011
1004400
3411
3330000
3230100
4200021
24030
4000140
1004013
2033010
1331010
2102001
204000
320301
100032
410001
4010202
12
401301
32211
2021130
2000211
4014000
400023
240003
1302012
3002004
1024200
140130
10440
122400
203103
1202013
21030
210213
3003030
123030
1033110
2000124
1020123
120021
103221
22131
4000230
2140002
24003
1031022
2412
141
23010
11031
3020040
1002303
310230
230010
1012230
22002
20340
2003121
2020002
1403100
1043100
1034010
2301
3031011
1300011
1303200
1003020
1222020
2220201
2030301
103401
201240
2300100
42000
1001043
1400202
32220
104301
104031
1221000
103113
200112
10404
211020
303003
3003102
2010402
212103
3321000
331020
1031301
4000023
2102022
1201002
321120
1000200
2132001
4202001
2033100
2000310
1022001
3211020
400110
2030010
1400031
23031
1010340
2202000
311004
1230
4010103
2312100
2221200
321030
1310202
130212
3301200
4301001
4000002
420300
102102
2331000
2401020
12321
1120032
12000
3221100
1221030
200301
1000140
210222
2231100
220020
2023101
110430
1110330
3240
1000212
222021
2002131
21402
3213000
2321001
123102
220104
3013200
2000010
130320
2010132
3300003
241020
2112300
2310
123012
340200
201303
1010001
3022110
2222100
2120040
1200312
20313
3420
221022
203211
2102103
2030121
220212
3010041
3201000
120231
104013
2200302
1230120
103032
1041030
120
110223
40014
2302002
222003
130203
100233
2430
2403000
214002
120210
103203
400122
111300
42012
3030111
414
22311
2022000
3013020
204
212013
210003
3100011
2001321
402
4000203
2001303
2120400
33012
3003012
240000
3201012
22221
2020032
1302201
20133
1004040
3300030
102240
1300020
3021300
40200
410022
101403
1400013
2312010
33102
1001430
2410002
2002401
3121002
121230
2301300
430110
4110
1330200
4101003
210042
4013100
2311200
30102
222012
302211
120033
1100223
100044
14130
4300200
1310004
311010
1320021
1032120
1003410
3023010
2221002
1020210
140004
2300400
3300210
20304
40122
2210022
1020204
143010
14004
3204000
2103012
3401100
140040
2022120
102024
1330020
4101000
1310103
203013
3010032
1100043
1012032
40311
1312002
302100
1004001
10044
2001222
310311
21003
3210012
12120
13212
223110
1301013
1300221
2004201
3122100
2000031
1143000
113031
41301
1140030
2201202
14010
4101
3012030
310302
3120120
400140
2040102
3210000
1220031
1100133
1043001
2300004
113202
402012
1032030
2030013
1021023
1002240
3240000
4102200
1400040
1100313
11202
3132000
2300040
1000203
2010201
2112000
2130201
1001001
10401
1410000
104220
2311020
4400010
1302000
100221
203010
2200401
2021031
401220
4104000
1320120
100320
400104
3200010
1000440
2013210
32022
300111
3102300
2002230
1022310
1001232
412002
124002
4100013
4000221
1122030
11331
2021013
320103
202014
310122
4130010
23040
2020014
3022011
300321
1200321
242010
40221
1022220
3100131
201213
203100
1100103
130104
403002
1413
100224
322011
1300002
1320210
2022201
123120
220140
104004
201222
1311
1400103
2011230
20040
1003041
4002000
141003
41130
120300
100110
2421
4030020
1110033
4220001
304200
2201001
31230
4100040
2100240
4113
3201030
4000320
1311003
3001410
2201400
221013
2004300
1230210
3102102
204120
3010212
21213
400002
300123
1040031
3130110
300300
103020
3010014
44010
3220002
2010330
3220110
133101
3010113
22014
1410
130032
1100022
431100
3011022
4100202
2040003
203310
341100
1103103
1001403
11043
1314000
230001
2210004
1202310
2022030
4004010
1022103
1202004
2024001
12420
3100200
1000143
400131
110403
2322000
1203030
2003013
2021001
3112200
4100301
2300022
224010
231210
1000032
3402000
2130120
2100222
401040
22230
211230
3110301
4110030
2030130
400302
10011
3003021
1341000
301320
312
4011030
23103
3123000
1013301
2020101
31320
2022021
4012200
2220012
40203
222201
40230
2000400
140100
120321
3010221
2210130
2220120
2001021
122202
3002010
2001204
22101
301113
102303
3213
141300
120222
1004100
3104010
411003
4212000
1130220
1040001
11322
400410
2400300
1011003
3110013
1030230
1212300
4001400
210420
4210020
1014003
2021400
14022
2130300
2200032
123003
2003103
300201
342
1300131
410202
121023
3400020
203202
31002
1010232
2300211
2021100
402201
2402100
303120
1044
1340001
120030
314100
314001
1030011
203112
2203002
3011400
2100030
2021220
1033011
1210320
2110203
2021310
430200
43020
2220021
2001102
2002023
2000331
232002
11304
110043
1301310
1004130
2040
1131003
1223001
3113100
401010
220122
3001041
3301002
1002030
202032
2020401
1430100
2103120
2201301
2300301
3030
2240010
3200022
3021000
3021030
3012003
3110103
132201
133011
1030320
3140010
212004
3300021
2040300
1202400
102330
42102
3020103
3041100
3010410
211002
202230
31032
1024020
3300012
1300212
2041020
3033000
3100203
1200030
403020
4003020
4000014
1440
3100221
3001212
4040010
1100100
200430
3130011
13311
4040100
1021200
122022
213030
3201210
1022010
212301
24201
2202300
4010400
2202012
230301
210012
2222010
220032
1202301
11013
1031031
3021210
144
103011
1201302
10323
1230030
1302003
4012020
2102400
1301130
1023210
23112
3031110
100200
1100331
32100
2340
1023000
320010
210033
3014010
320211
1203
1001202
121020
1103031
10302
330012
1230012
202311
3201102
202020
32103
1032300
1420020
1213020
1212
101100
3200100
101301
304110
2201010
41001
12204
2202102
1040004
1002042
3001401
11040
4020012
1430001
401202
12201
101202
2002014
11310
4031001
310203
1300104
3100041
3002100
3000210
1022130
212100
2112
2320110
320202
112002
110322
1100130
4200012
4001001
1202022
130020
1101330
1413000
1220103
423
420210
2004120
123
3020100
22113
21303
1011030
2001240
113001
3301020
3020400
1212000
2022210
130401
300102
1000341
3310020
3210003
2032200
3000213
3100113
310131
20031
3104100
340002
10203
213102
131013
2102040
3200301
432000
300021
3400200
4001301
1000332
303
311400
430011
221103
1030401
2130210
2120010
301302
100440
2010300
1200213
1023030
44100
4131
2210001
21300
2001042
4113000
3003120
200130
1001013
440001
1300410
120102
1044000
1001010
20412
2023110
2100003
1002003
200133
101322
41010
3130200
213210
2331
4100400
3000120
1233
200310
2031021
3221001
1030203
412020
110310
332100
2120001
1003401
3203001
120000
1011303
2240001
3123
1320003
230013
130014
21204
3101001
2200410
400200
10230
30312
30204
223200
1031310
1130013
2002212
310140
3000141
3312000
2221020
2120031
2001402
1030131
410004
212310
4220100
1322100
230202
32310
210120
2120103
2201130
31203
21042
12021
310020
1130040
3101202
340011
201123
14103
2201310
30222
3112020
2003010
2104020
201
311220
31140
3030003
402030
3102021
4202010
214200
3121200
23301
140013
3011100
4013001
3010230
1212003
23130
2022102
1113300
1130310
1220301
1200420
2000103
301014
30111
4020021
112200
1312200
10002
3102210
413001
2000421
3202110
1014
3220020
3000402
3212100
1310301
1140003
3230010
1302030
4320000
3001023
21
440100
432
1231200
1100220
102420
100131
40320
230103
1303110
1202202
230121
340101
311202
2330010
221130
1310010
103110
101331
312012
122013
1012302
1000011
1202001
1000431
330000
3030021
2200014
2012103
1001310
132120
1232010
1110030
2200140
200013
231021
21321
200241
3040101
1030122
1100430
200034
231000
310104
2303001
3021012
10101
1032012
3002013
3000123
2110200
2204010
13230
131100
2240100
120012
1300032
1203021
40023
3212001
2003040
23013
201102
102204
3302100
223002
331002
3100014
201120
2123010
2021103
1002102
400401
4002030
20202
4310001
4001031
3201201
12402
2000133
213300
32001
1203003
3211200
3012012
3100230
111330
102120
100011
12132
403200
2120100
200100
224100
12042
2043
20421
201000
2202201
1200231
2012004
113022
3004002
2203101
2200122
1021230
200340
2010
2230020
42210
2001420
3210210
3020202
2200101
2012130
400014
230004
1013310
312021
11130
2003301
230031
2200113
2042100
100113
2000232
112020
3010131
4001013
320130
300132
1022040
2123001
2231001
1003101
4022100
103200
2102301
220011
1002132
410301
2030310
201030
2100210
1041003
3102120
3100410
4400100
3130002
4010031
1202100
100431
1030023
1041300
3102000
1023012
1020321
312300
1300311
3122001
310401
3014100
2003031
2041002
24000
221310
2100303
10242
2142
4302000
4100022
1210302
124020
2010042
3400110
1020240
2030211
204021
33300
2032002
200313
3411000
201132
3023001
2002002
10311
4000200
4002210
200403
1140
1012320
242100
302310
2011302
2002032
1132200
3311010
2000034
110301
2103000
4020
410220
3011031
3013002
4001010
1320102
10032
3041001
110031
4100100
2402001
342000
1042002
40410
11430
2300103
2020110
3401010
3002310
24210
113004
1422
3010023
2002302
320022
2110032
210402
3010101
322101
2002110
402120
12312
140103
114000
4004001
1122003
42
404010
2031300
4010013
21222
4140
3000114
3141
2030040
2020140
2103
21021
3100020
2013201
301104
1220202
230040
200211
3011004
320400
40032
202104
100413
2220102
403101
113013
1040103
1022301
2000223
233010
202122
310101
4031010
2130102
11313
1204200
1021032
1002402
3103200
13011
104103
4120200
1031100
1140000
103302
1404
2101302
2100042
4410000
2020320
2232
110013
1200204
220203
1220040
322110
3022020
2212002
1130202
1300122
3100401
2310300
2013030
420
221400
2213001
14013
12102
4010001
1013001
4300020
3120000
2020113
112320
1100040
2002011
322200
24300
3220011
130122
4021200
1200120
204300
1102203
2013102
3003000
2004030
1310031
20010
311001
2010303
2400210
231030
430101
3102003
230022
1001103
2400021
200103
1100001
2231010
1102302
1301022
3010311
2214
2003022
1340010
130302
1101300
2043000
2000313
301131
3003111
4020102
2400120
23001
20013
1004301
404100
232101
21102
3300102
4000011
203400
1004022
3042
201402
34110
411
403011
3203010
1300203
2031003
1203012
4003110
2201031
100101
3002103
1200102
1003131
330111
12300
234
3131001
3102030
2100033
200040
1330011
140202
1203000
212022
320121
4010004
2204001
3001113
42021
2003100
321000
100140
1330002
200202
2040210
2001012
2222001
1200402
40041
2024010
22200
3140100
2400012
410031
2013300
210300
3020211
312201
4013010
1000002
131130
41013
2100330
2321010
1100304
131220
2012400
20223
2001312
30141
20322
3004011
1002420
3110001
31122
1122
1230300
2103030
1110300
1130103
4210200
4410
100410
1022031
12003
3110130
101034
1323000
310041
1001223
1003014
140301
11400
221220
232110
231102
1023300
2032020
102003
1001040
2011002
143001
4010130
2120220
131040
2132100
200010
2042001
2133
134100
2203110
1100403
1031013
1010301
13113
213021
32112
1212030
2042010
120201
100134
4002021
1401300
1402002
302010
3000021
3102012
1021302
1032201
4401
2023002
4010010
202023
3012210
202200
41100
2130003
2032101
102201
10020
3410010
2401002
1310022
2200104
1300014
3212010
133110
20034
2100
331101
141030
3020010
1003221
1301004
2031120
3101013
104400
4221000
3300201
220230
201300
3020112
41031
24120
3000030
134001
11103
301311
2000202
1302
3110004
240201
2020302
240030
1100202
2001231
3000240
1120320
110004
2232000
332001
1002312
24
2012001
410100
140310
2003112
1000044
10041
1004031
120420
3011103
3022101
2330001
1231002
302031
1013400
1023021
2010204
4100130
4000410
1000401
210330
1023201
1143
2004000
2000040
132000
2100201
2011203
22032
20004
414000
311013
2200002
213003
2120202
13302
301101
3114
3003
43002
32010
102402
4000311
11340
302112
3024000
20043
3114000
101133
4122000
3100122
2121
3020001
220320
3130020
133200
10131
2003130
302022
200022
22140
2000112
131103
30030
3221010
2220210
2230011
2010021
1313001
1310220
1032
1304001
112023
132021
210210
2302020
1400220
323010
1020120
4001103
103104
331011
3000000
2120004
4100001
1101303
220041
330
1204020
102231
2213010
33021
2403
24102
3100032
2020131
21132
3200103
2201103
1242
4001220
1204002
3210120
302013
222102
3011013
1321020
210
1000014
2102013
22203
132102
120240
3003210
4001004
330102
201033
21240
1310400
1200123
2031012
3120201
2210010
401130
1131000
33120
123300
1042200
2002221
1000101
3200400
3010203
2133000
13032
1002213
140400
1101030
1004220
20124
4201200
4102002
2000322
2110023
210030
3030102
1000233
2210013
2012202
1030212
1001220
3102
211320
1303002
3031002
322020
30132
41022
3011202
30000
1400022
102042
202011
2220300
3012000
1010133
421200
3011130
44001
2430000
3020220
2312001
202302
23220
4032
1000413
201321
4003002
2100300
3004200
2003004
2220000
33003
1011033
13221
43101
1203300
1210023
142020
2310021
2020311
1002024
1303101
113400
2040000
3030210
220302
2032110
10200
2033001
1220010
30213
2131002
3013110
4000302
1120023
200322
404001
40131
11301
10224
3001020
2000043
1002201
410310
3012201
31401
1341
3103020
2132010
3201021
112032
421002
2100312
1001031
3011001
303021
1300110
2230002
1400001
111003
1200300
3320100
1200330
13101
2110320
1202220
441000
410400
303300
3000111
202401
1130001
1021002
2010123
110001
3031200
1032102
1010103
1030200
2200131
110220
3011220
31104
1113
4002201
1201200
1010004
3102201
30024
12210
4120020
3100302
300312
2100123
2001120
102021
2200230
3040200
3330
1040100
1400310
2113200
120330
240120
2300031
103230
220101
132003
21120
11220
1400400
340020
1022022
120120
4200000
2121030
320220
2102100
103131
22041
3001032
1032021
3112002
420021
3202101
312210
4020300
3200202
1203102
1000311
3030201
1320012
2100402
4003011
333
1002204
41202
3312
100143
301122
1220130
203301
1300401
22023
2031
3002301
231003
203004
1022013
3211002
323100
1133100
2110002
2100204
31302
1002120
10341
33111
2020020
1130400
1130031
1040010
3111000
3131010
3303000
3310002
3000330
2241000
3120003
2100321
2040120
1000221
131400
122001
3001203
1420002
311040
40113
4000032
1001313
410013
401310
130011
3000033
30420
1030101
2002041
40011
1103130
1032210
213
211302
2420001
2140020
30402
4200
2021022
3120102
1300230
210102
4001310
2000430
130131
1210203
1004310
2214000
220221
3101130
3300111
2311002
320013
313200
1330110
101004
2013000
30003
2320011
213012
1200240
20220
103140
4100103
4020120
2201220
301203
2300001
304020
1031010
3321
400032
1130022
1002231
131010
200121
3011010
1033200
1221300
1100004
34020
1140300
1120002
302103
2100120
1034100
101340
14400
100212
3012120
311310
230220
1220022
221010
210132
2120013
204201
203121
120303
2322
2000241
431001
31200
2010321
3410100
2124
2313000
1203201
2001132
3010320
2100012
1030221
1010202
3400002
102012
10110
2230200
1300200
3000201
3101400
24021
2300220
2030220
212130
3013011
2220030
4002102
220200
3010110
3040110
32121
31011
1011
3302001
2200200
130002
110103
2002020
200223
212001
1010010
1001322
4311000
2000001
1040400
2010213
2202
2223000
1123200
300120
2021010
14001
21420
3001221
3020031
2002311
140001
231120
130110
2020200
2000412
3111030
400113
1001133
1221003
134010
2304000
2300202
2123100
100341
1020024
3210
420120
300003
1030302
1110003
1000134
1230000
1332000
3100311
1002021
3301110
4002012
2300121
1012023
1013013
3022200
203022
3001101
2031000
2210100
31041
1410300
1113003
1040013
420102
1311300
1210230
104100
310221
3300300
4100010
1001400
201204
203130
1200201
2023011
131202
3101301
2030400
1300140
13320
20241
31131
2021202
3100140
440010
3001311
2103300
1102002
1301400
1200024
240210
243
201003
1200303
2110302
22410
12033
223011
1040220
2001003
1010034
1003011
2402010
1203120
1003212
4310010
1032000
222030
122130
2142000
1030140
3030030
2410200
3101103
2340000
3
200004
120042
303000
2131200
2021301
113100
4200300
4201002
2200110
3311100
3000300
3111300
123021
131022
4011300
2201100
201330
10320
321003
2011200
23310
331200
100323
2100021
3002112
2310102
103311
3010104
30321
30012
202212
101304
1014030
3204
3110040
2302101
310113
2022
222
301041
2400003
3210300
4100310
1013100
1013202
20130
2001033
2412000
110010
311103
400020
2213100
2210301
21033
3200211
130410
313101
2203200
1110303
1103010
1000410
2001330
302400
11001
2200023
2211000
1103013
202113
1222002
14301
3031101
2130000
4041000
2202120
401100
4310100
3200220
310032
40110
1003203
1041000
204210
2020230
1001340
240102
4010310
22401
2022003
210303
21201
12030
3131100
4011
1032003
2124000
2101032
102321
1301040
40020
3200013
4011000
30
3103011
422100
331110
1220100
2201040
200043
301110
2320020
300033
241200
12303
3202200
3000312
1101033
1200210
1102320
303012
401103
3420000
1103100
1030110
1030104
130221
40101
2000004
4002
312003
131301
220311
43200
402210
3013101
1313010
2103210
3101010
1103001
141000
213120
14220
4020000
2121003
1130100
303201
2000130
210000
3042000
10332
1020
4200120
1210020
21330
312120
313011
1010331
104001
4203000
4202100
320001
1201020
2101203
2010024
422010
212031
1100301
1021203
1031001
1003113
300000
220002
204003
1202010
131031
113301
12123
100332
2014200
1010322
4023
4110003
2010102
1012002
2004021
20211
1300320
2300112
22302
2031102
2001210
2113002
2120301
2010420
1104300
20430
3023100
2101230
1300041
2012100
230130
2310201
2012022
1023
1020420
1001022
103014
1402200
1302120
100002
1022100
1304100
1000122
1033002
1122300
303102
402021
1103220
200304
3202020
2000142
104310
311031
2031030
2030100
1120302
2004012
1122000
2201022
3110031
10143
234000
302130
303210
100020
4000020
30330
1100013
200001
114030
111303
140220
210024
222210
310212
13002
1100310
2301021
200214
3010140
221040
2001000
1020213
2013
1104
2014020
23100
3101100
1102020
202221
1101003
32013
101040
3400101
220131
110304
1003032
1103202
401022
2202021
30123
3021021
4032000
201420
2230101
3113010
3130101
3210201
330210
23022
2112030
3113001
3310110
220410
2013120
2030112
41220
203001
202410
122031
341001
1200222
120132
1132020
302301
3011040
14310
2400000
3100212
223101
3020004
2131020
200142
312102
2122020
320031
1104000
20331
3001320
1400130
1133010
2001213
100314
2020212
22110
3032001
101313
1000242
4200210
130023
2210202
1101000
4301100
2030031
1312020
2040021
143100
3030300
4130001
2210220
120003
1030032
30120
21210
1224
1120230
1020000
4000113
1000041
321201
240300
312000
3110310
3104001
1230102
0
4220010
3300
2012220
110022
3022002
2200041
1020021
212202
12240
2421000
1410030
102000
132210
110034
1000230
1322001
1301031
200031
2100132
2004210
1020300
2302110
1010130
3020310
1403001
1230021
201042
4100220
3200112
210231
1240200
1201023
23004
1002321
2401200
3040011
4230000
4300110
301140
300303
3001302
3033
2000013
400320
1010430
2040030
2103021
130041
300114
4401000
1320030
2420100
4320
114300
2034000
1011300
3310101
12222
1213200
202320
2012010
100023
20400
3002220
324000
1131300
33
1102032
2012301
2010240
4102020
1033101
1134000
2400
3024
140022
3002022
4001022
14202
1233000
2220003
2212200
1002210
3200004
411000
420012
121203
33030
1302102
11403
1023003
2110230
2203011
2020410
2310030
21000
1013031
4140000
2030202
2003310
301200
2100231
123210
10014
113010
121002
21231
3120030
3000132
220023
410040
110232
4014
1000323
430020
2121000
3400011
2012013
2103003
2301210
2002410
23400
302121
