1303203
3132030
3020103
303201
1203033
2030043
133032
243
300342
3043020
320220
332013
1303002
22230
3032001
3003204
2040300
3200043
223200
233001
331023
3324
3120303
403020
203220
32013
3300420
33033
3320004
31032
2100300
3022203
302202
2331
1002
43032
24330
23220
4200030
2043000
2000433
3230004
133203
13233
3033021
300012
430032
20310
3032301
30030
3203031
203040
22200
2303022
1332003
2300304
320331
32202
2013300
220323
334200
4330200
21300
102033
2202033
1002033
3301320
2220000
1330200
33
43023
20031
2202000
3002031
3002034
3300123
10302
300102
2103000
2300403
3201330
3200133
324000
1030323
1030203
3000
3231003
3300204
34032
300423
33132
3003033
2331003
1032300
1030020
320322
3010032
320004
3002304
4000320
2103033
2001333
402003
200022
301200
303330
1002303
304002
1302
3030021
24303
3000432
3030030
2400030
2203230
300
230202
3300102
1023303
2031030
2003022
3432000
233031
3002013
324
4032030
2100330
2030010
3130320
3203130
132300
103332
343002
2333010
3303
3200034
403002
243300
32400
3303210
330420
3203040
2400
233130
204030
100020
1332000
2331000
300003
2003133
3100020
32031
300204
213003
3010302
332031
3231
1203303
2300202
3203220
3200340
123330
2330031
1320003
3043200
3023100
23322
3300000
3200031
30420
2310300
2300010
1033200
3120030
210003
4330002
2203020
2043300
2030202
4302300
3012300
321000
43020
423030
240330
3031002
100320
10002
2300232
323013
333120
3301002
3003330
2330301
2303013
1033302
232023
200031
2310000
3040302
3030213
3003210
3003003
2323200
2000334
2000013
20301
4230030
4030203
2020320
324003
2300430
2000343
324300
4302000
1002030
2002020
3230013
120303
3013002
2001033
3220023
222303
102030
3312003
3231300
320313
301302
2100
2034
1300020
2030310
213000
3000120
303030
2000004
322203
2303040
3123003
130203
202203
3032400
1300203
232032
320304
12033
3001323
4000032
1200000
430002
230013
3033201
30342
3030330
201330
13320
3031203
3300201
3003321
1330302
3120330
40323
10200
1323
2302032
200040
3022230
2303400
1302030
42303
3331020
2043003
2000223
3032310
2103
1320030
2013003
432030
100203
343020
1300023
3230310
233040
3320202
2133
3040032
313023
24003
3002202
2002332
3201000
3002220
302040
303420
2233020
2304003
2003403
3023031
3330120
400032
340020
323010
3004200
3030420
333012
2013033
2030304
20220
32301
3300024
423
3303000
2040303
2001303
2003031
2000220
3023001
300324
2302023
1003320
2003010
233100
103002
3300030
2030100
302004
4332000
3200232
400023
423000
231
2203200
203301
3002133
312
3000300
2301300
203022
20022
1033020
2020023
23403
32430
3303012
1233030
2023200
20010
330201
333300
3022023
2403300
2232030
2200023
202302
332301
202020
3312030
2400303
2340030
2223300
2010003
3202320
4000230
200304
3023040
302232
33420
2203320
1300200
1003023
3003222
300024
2133030
2333001
2031300
2002320
203310
2340000
2313030
2022300
2002023
3400032
2300310
3403002
130332
102330
4303200
1033230
3240300
3200403
313203
32304
2300100
33300
1032003
2020332
202002
1230303
3103020
30402
33024
4200033
303
23313
20103
3030222
3303003
3000003
1330320
232302
3313200
3023103
23304
20130
1203030
2003103
432300
420300
3302202
4000323
1203003
2303004
223032
2130033
2000232
3004320
2003040
20343
32100
1233
201
2031
303021
300030
1023033
3202020
120033
42000
302001
330204
303210
4002003
3230400
3040320
310233
3301230
1230033
3220002
420000
210033
43230
3203310
402030
203043
320400
230133
3021033
3302310
3204003
22323
3002100
300210
2233002
13302
3002022
3100230
3024003
3034002
20322
3001023
302010
2130030
2000322
3010320
13323
20340
34230
3240
303012
1303023
102300
3302100
2022000
230304
302133
30213
300321
2223030
1203000
2022033
3243000
130032
310002
23034
20331
34200
31002
2010333
2030034
2003331
3102330
331302
2400000
3310002
3023310
4300203
3300213
2100000
230430
3322020
1330002
2003043
203004
22032
3300132
300333
1200030
3012330
3020040
23013
230313
3013032
3032130
3032103
304200
303231
1233000
3103320
430020
200034
40230
2320020
3024000
43203
1200
330210
30432
2403003
2220003
2013303
2001003
3032202
2043030
40203
133200
12
1300302
3403020
320130
3031023
4233
4000020
3210330
203223
100332
34002
3302103
2010000
243003
3013203
322320
20223
2202330
30333
3032031
332310
3000420
300201
3120000
3200004
234003
322200
3332001
2000034
3013023
3102000
3021030
43320
30033
120003
301320
310020
22332
3030402
1323300
2232003
2220330
420303
3320130
3213
330033
2100333
201030
2202
3303102
2013330
3002004
2330001
340032
320010
3003042
42
233022
204330
32034
240
4020303
313032
2004033
1003332
3320013
20403
3002310
2223
2034300
3420030
3123300
3200022
310332
3132003
3103032
423003
4002303
2313003
1200003
2000043
3222000
3040200
10032
331032
2004
300312
2301330
3030300
2000430
3130032
3202230
3322200
102003
3332100
30234
3
4203030
2220030
103200
42033
33012
3004230
2340
3300231
2330103
2030130
3040203
310200
320040
2320320
2302002
132330
30024
200100
3012033
30123
1332030
2030313
3020331
3204
213300
3013320
23232
33102
3033003
1330230
230403
103302
22302
2233200
12333
23133
12003
3000201
230220
302100
2022330
3021000
312003
323310
32232
330213
2230230
1303302
1030320
3320100
340230
210303
103032
34020
22203
3210
2032302
1002330
3230130
213303
203430
2100303
3200100
3100320
130230
3130020
3200322
3010323
3000423
3402
4020000
3222030
220233
201300
3301020
1030233
2030133
321330
33213
3403200
330120
4300032
3033300
3200202
3321300
310320
302430
31230
2030430
3012303
3020220
3032022
3002340
333003
2220300
3002043
304032
3324000
323103
322002
23022
4323
24300
2232000
2230032
3130203
202320
3320301
1033203
300432
2013030
3200040
320202
1020000
200223
2400033
2023203
203133
3340020
30012
30102
4303020
1003233
203331
100302
302022
2031033
3133002
204003
3340200
10332
4033020
2300040
330
3204300
231000
340203
312030
23400
301023
1300002
3223020
233010
103020
20040
320034
3000123
4000302
233310
301323
400233
3010233
3020223
22002
3030312
2002302
3203202
3020403
4000233
2300103
312303
3002403
30423
2031003
430230
240000
203304
32313
1230030
1303020
1332
2310003
2103030
3240030
3220203
3222
2232300
2002230
3310203
3003102
1032000
321033
330012
3223200
3210033
321003
12000
4030020
230232
3021303
1032330
2030220
2030022
403230
2343
3000222
1200333
33330
2000301
433002
3013020
2010300
4023000
2302020
3320040
4302
1003032
3100002
230322
31203
3120003
3200400
3020031
2023002
200340
200232
200010
3020310
3230031
3102003
3043002
2043
3030210
2200302
2030322
3301032
3031230
2030331
402303
21333
2302302
1033032
2001330
2002323
0
2040003
3020001
32004
30210
3020322
2303001
2000403
1000023
3103023
230340
1003230
2003004
13200
331200
30243
1320000
40200
20400
2333100
330330
2130330
2000133
4300230
40233
3030120
2322
3300003
2300313
2002233
203013
100233
402300
220302
3310020
3023022
333201
2033022
204000
23340
2303301
2034030
400320
133230
220200
233220
303024
3024
2030400
3210000
130320
204300
3020430
4032000
1230300
2003430
4332
3030201
300243
234
2230002
2100033
2300004
10020
4200
222
2320200
1300323
2003013
420003
132000
2103303
1030302
3400020
3130023
222330
320031
4033200
4003002
300033
103203
323301
4003023
330303
3320220
3003420
3033102
3030204
200313
3030012
30324
2310030
2032203
1000233
3100302
123003
3203001
13230
302130
31023
1320
2032200
3010200
302313
210330
3302220
2000001
32403
2313
420
3030321
30300
3202200
2300220
2003301
340200
3230040
433020
3320400
3330201
303312
3000321
4020330
4030002
2033013
1020330
322023
23430
1200300
3213000
3102030
342030
4200000
2230320
3100023
1023030
3133200
303120
302340
3000234
303321
303033
2003220
3203301
203313
3004002
4002300
2230200
3200013
332004
33210
3230301
220023
323004
2040
2040000
2010030
3203013
102333
203232
3022020
304230
333210
1302303
3123030
200430
13023
204303
303240
30021
3033030
4003203
3420000
223320
34023
2310303
220002
3024300
330222
123
331230
31302
402
2004003
3102300
200310
3340002
322230
2203023
3033
203322
33312
3021
2300043
2300034
3240003
3020202
3332010
302103
2330040
2030004
1000302
201003
312000
2223000
2000022
4300002
3200130
3302400
300132
300300
200202
3301023
103323
330021
1332300
1323030
2300031
2031000
2003304
3030240
2433000
2330310
3220230
20313
304023
1330032
1023003
103230
3032220
3032013
300330
3103200
321030
3420
4000203
3201030
31200
230310
34302
2130003
2004303
1000203
2320032
3040230
1320033
3120300
3323010
2300400
3220032
40020
2313000
1330023
330402
2023020
40332
21030
204
3423
2340300
2030001
3200304
203100
3302031
3204000
120000
30321
2330220
203034
12303
3330102
3300042
2133300
2313300
1303230
3320010
3031200
4230000
2003202
3400023
400200
200013
2301030
2002002
3430200
30231
1233003
3203100
3003201
300213
3000042
4003230
1020033
3220320
403023
223203
24
1033320
1030230
3402300
230301
303222
3000102
303102
300402
2430300
2220303
3213300
3200301
233103
240300
300420
32103
32040
1200303
130302
102303
313320
31320
300234
30204
210030
4300320
3100332
203340
3001200
331002
2034000
3333
3310200
320100
3001230
1033023
3231030
3020232
22020
301032
2220033
32220
32022
2001
3000021
333030
1000320
3301203
3002331
33120
3003312
2302200
403302
3003030
3103230
230043
103023
302031
3003300
1233300
2000130
302043
3033210
3202002
3003240
33240
2230302
2320203
1030023
30240
1020303
403200
2033010
120330
102000
21033
33201
3321
2130303
2302203
22320
23301
3030102
3032100
2340003
1303200
1200033
3123000
103320
1030002
3202203
323001
3312
20133
3000132
3123
303303
133302
204033
3323001
3320310
2030031
3132000
321
2030403
3200223
2022030
3300402
303123
2003340
3030
2303220
3320001
3020340
300231
3033120
33204
402000
3010203
312033
21000
10320
231330
222030
230031
3300300
4030023
1033002
3400320
432003
3012000
3132300
230010
203130
20232
4000002
1000200
3100203
232230
231303
4032003
4030200
4003320
2033031
3020100
43002
330321
32001
2310033
2304030
2033040
200130
3301302
24000
1300230
3130002
403320
234030
320403
3023130
3010023
312300
1302003
30003
3230010
3201033
233013
323130
23331
3300120
20433
4002
3300312
1003323
1000020
3203022
200334
13020
2200032
331203
2403030
2002203
3302001
132
30312
304320
2032002
2020032
3213030
210000
201033
3023301
20034
4320
4303002
4300200
2320023
2033001
300222
2200332
203031
43302
23100
3243
130023
13002
3304002
3030000
1320300
2320302
1300032
2000040
3300222
330312
3040023
310323
30303
3234000
3213003
203001
3042003
23001
3034200
3000024
2332020
2030040
321303
3300021
2330202
3201300
3342000
340002
323220
3001002
432
2230023
10203
3003021
3042
1320330
400323
40302
31020
300123
3303300
2323002
2033103
3020010
332202
3002430
34320
4002030
2310330
2020233
3230220
323100
21330
2332200
2033301
220230
200133
3012030
300021
4233000
2303202
200001
321300
32043
313002
3004203
2403
2022
3000030
2300130
2003001
200343
32010
3203400
3321030
3031032
3103302
400332
3013302
1030032
400020
2334
303204
2010303
2030103
3102303
223023
3002103
2303031
223002
3024030
3020022
4002000
233400
3022002
33402
33123
3300321
4230300
2320230
30000
3021300
20334
4000023
1020030
3222300
100023
3331200
32331
3300240
3232020
313302
31332
2001000
322032
3032004
4003200
3120033
3200310
3022200
3020130
3003402
133002
102
3331002
33030
3220020
223302
220032
24033
1023330
4200300
1003302
240003
342000
10323
1032
4030230
333000
2103300
210300
230100
2303310
320430
3002040
33321
3342
1032033
2003100
230400
100323
3012
220020
23004
2300331
1002300
3202023
3002400
302301
1302330
2000331
420330
10233
3302013
234300
302220
3030042
2030013
3202302
312330
3004302
3033000
2301003
2023320
1002003
243000
4323000
203202
330231
3000342
3220200
21003
3330021
330024
21
2334000
3030003
2200230
3020400
323031
300042
10230
3002322
3000324
301203
2220
1320303
1003200
402033
3312000
3320103
3020133
4203003
2322030
2330004
232002
200103
1333002
1230003
2000340
3203004
3310302
331020
4230
3330300
3303030
2300322
222000
133023
2040330
2032230
2004300
3010230
343200
123033
230040
130002
4320030
2203002
2003130
4000200
2300340
433200
430302
3010020
313020
304302
3010332
3301200
3003231
4200330
3231000
240033
3012003
400230
23010
30201
3330012
4203300
1020003
202023
3320031
3120
3300012
1333020
2323020
3400203
133020
200400
2133000
201000
303402
1003002
3230202
332400
2430000
2223003
2330022
2103003
2200323
2010033
3210030
20004
3001332
120
3003000
3003303
3023220
302304
2133003
3223002
330240
3210303
3031020
430203
3002130
2031303
2000313
230130
201303
3020004
313200
310023
20202
3000333
2304300
201333
3312300
3313002
1000332
132003
3030231
4230003
4300302
330030
1302300
2302320
332103
2230203
231003
3023010
3001020
3002010
220332
120030
310302
4203000
2023302
3233100
230331
3040002
2020002
432000
230103
4320003
4003302
2430003
2322003
1300233
3023004
3000303
3020013
332040
302322
2010330
2004030
3130200
233202
3001302
2400003
3402003
123030
32223
30042
3200331
130233
103233
42330
4020
3304200
331320
1020
4000332
2200002
2300001
2000100
200331
33021
4002330
2400330
2002032
2000202
20430
34203
2433
2310
3300330
2343000
2330400
1303032
400203
2304
3030132
3320022
310203
2403000
2040033
3420300
222300
23031
2301033
2030223
3400302
3310023
3021003
2130000
2020203
32322
3132
3330000
2032320
2033202
2033004
40023
330300
120333
200433
3023202
13332
223230
30120
4302030
2032020
232200
3013230
31233
200322
320301
1203
30222
303042
1020333
3230100
200004
323400
302310
304020
2033400
33303
2003310
213030
334020
2301303
30330
20013
4032
2203203
2203032
3233001
3302301
303132
3303021
4003032
3003
213330
42003
3300033
4020003
3032040
30132
4203
3420003
3203010
320001
40032
302331
21303
3000000
2300022
3130230
3230022
203400
3004023
3303120
3000243
243030
310032
23040
23043
3034020
4020033
20043
32340
230034
3330210
3000402
3201
3000312
322020
320340
3000240
1300332
2200203
33003
2020302
1000032
300240
330003
2000310
13203
2033130
2004000
3201003
403203
3032010
430200
232320
200220
100032
333102
3300303
2002200
3430020
420030
230223
3300210
1030200
2020323
2003313
3133020
100200
4023003
4003020
240303
3020304
1230
1333200
2000010
230022
32310
3303201
203403
3022032
323202
12330
302034
3000213
4200303
300000
2031330
200403
3004032
332100
2202003
1030332
3222003
202200
3022320
302013
3210003
233301
3031302
2430
3003123
330132
3000012
2300013
1000323
3321003
342300
320223
2040030
2023032
222033
330123
333021
2032032
3100200
13032
3001032
302403
1302000
2003232
3103203
3304020
3002301
133320
302400
3000210
40320
4300023
303300
3300
223020
3020301
4030302
3322002
3020043
2000304
2033220
320133
3302040
3003213
400002
3313020
3040020
323022
3003120
3330
3023400
1023
4200003
2330130
2023023
3100323
310230
2033100
3042000
3023013
3004020
3002232
4320300
2130
3030033
3302022
4023
33000
3402030
240030
320310
332001
2032023
3103002
3200010
3042300
313230
42030
2303103
303213
2022303
3240000
322302
332130
33222
324030
23103
3302004
4023030
1330203
2030232
2004330
200301
301332
2010
232203
231033
320103
2200320
2030301
3400200
3202032
430023
3031320
2430030
430320
231030
230001
20304
4020300
2003223
1003020
3232200
3232002
4030320
130323
32133
2301
3204030
3310032
332010
3333000
3030303
2331300
1203300
2023230
33042
4020030
213033
230004
301002
2300301
3323100
3432
3102
2202303
301020
31323
2200020
234000
203103
3200103
3200001
320013
1323000
1230330
2203302
2003322
3100233
1230000
2300223
1032303
3233010
403032
3102033
220320
332022
3234
3001203
334002
2332002
2001300
232020
340023
23202
4032300
3030123
300120
3001233
3002313
2322000
1023000
2020020
1002333
210333
333
3201303
323040
342
3330030
1323003
303003
2200200
2000400
1330020
2100003
202230
342003
3033012
4302003
202233
12300
20001
231300
3030024
42300
330102
3003024
2013000
132030
132033
3310230
3042030
2130300
300303
2202300
1203330
3230001
420033
4330020
2302230
222003
2232
2303010
3203103
3200220
203010
3003132
3000204
2202030
2003034
3310320
22023
3302010
2322300
1002000
3210300
23310
3302130
332220
120300
100002
1003203
2000031
3220302
123000
123303
304203
3000231
2330013
1000002
3100032
320022
24030
3003012
330042
3330003
3130302
123300
220203
3020034
1023300
4023300
2034003
423300
202032
2013
4320000
2100030
1000230
3430002
100230
3000033
2300133
20100
302223
4300020
4002033
2000103
3230103
130020
1200330
1300320
30
233004
23223
330000
2020200
3400002
3002223
2022003
2001030
3020313
2020230
3010002
210
3321000
3013200
40002
2103330
1032030
2030340
3400230
400302
2330100
1020300
202323
2303100
2033310
2003400
3200313
4030032
2200233
200043
23130
213
2400300
1303320
2303130
3402000
202332
2330010
3200430
3001320
32130
33231
2331030
2301000
3022302
340302
320043
2304000
1302033
3423000
43200
22233
3000330
2320002
402330
320232
301233
10023
301230
2230020
132303
340320
3002001
4033002
303000
130200
3021330
12030
