400000001
100001030
301100
20000
20300
100003001
1200101
201110
20000021
200000000
101110001
212000
12200
210020
101102
1120001
3000110
3110
1211
100010201
20100110
11012000
4010000
11102000
200110010
1120100
20011010
10101200
1001111
2102
111110000
100001003
10101020
221000000
200021
1031
30001100
120001100
102000002
100112000
140
3001100
11300000
2000201
400010
100310
131000000
3000011
211000001
1021100
1031000
1011101
300001100
10400000
200100101
110021000
20001101
10000010
2001002
101000012
40100000
100220000
210000002
11000000
1000100
202010
1100012
21110000
2000000
100010003
102100001
100120001
130000010
3001010
100021100
100110020
100011020
30100001
1001000
200300
20012000
10012010
3100100
101001011
1000202
201200
10022
300000011
3010100
112100
230000000
201010010
13010000
10022000
21010010
1001102
400100
2021
211010000
200101100
11102
102000020
3000101
100300010
200100011
300010001
302
11000003
1012010
100100030
100002002
11100002
22001
11001101
100012100
2200001
2000102
11200100
20201
120011000
10111001
2010011
121010
200000
100040000
111200
100000040
1012100
200003000
300000110
101111000
2000
200002010
100010120
10120010
110120000
4100
21020
11000021
10100012
200000030
2020001
110000120
2010101
2001020
203000000
200011010
13100
101300
1013
10002200
20110010
1000040
100121
10301
1120010
200300000
301100000
14000000
100130000
41000
100011110
110101010
110002010
10000202
1400000
1211000
110200010
10000220
100000031
30000011
1100300
110010020
20002010
101001002
230000
1010003
1100
110001101
11021000
11011010
130000100
22000100
101001020
1000130
31100000
31010
21000020
20120
30000101
401
112000010
10031
10100021
200020010
11110001
1300010
1201100
1002200
110210
110201
1021001
30002000
11110010
2000012
20000003
100000310
10130
20200010
211100000
1210001
1310000
100000220
10001030
2010110
220001
400000100
200003
1040
11000111
110000210
10000211
1210100
101003000
113
110210000
11100110
1020200
320000000
100100003
13000100
10310000
110010200
1202000
220000010
2300000
210020000
3200000
201000200
111001100
20010110
1000112
110012
300100100
200012000
140000
10103000
100001111
200001011
110100002
201100001
121000001
110110010
300000002
104000
100111001
110
11001020
11000120
110111000
201002000
30200
13000001
220100000
300100010
1110011
221
1020002
101000111
100111100
1100111
100201001
101021
201010100
100000022
100004000
110300
101010011
21011000
111011000
10211
120002
10040000
100020002
211000100
20000210
201011
30200000
300011000
100200200
300101
110110100
100011011
21002000
20101010
10001201
3100001
101011001
100001201
10010030
2102000
210110000
201000002
203
100011002
121001
10300010
10000121
10101002
101002100
1001030
301010000
101030
2
13000010
10020110
110011010
110002001
1002101
131000
101111
11010200
311000000
120002000
10013000
120020
12002
20210
110000300
104
112000001
120100001
20010002
102100100
100010
40010
200210000
110101100
11201000
100102100
20201000
2201000
1000121
2000030
1112000
12200000
21000200
10031000
10020200
4000100
2200100
1030010
1001300
102020
102011
101030000
100202000
100201100
40001000
112000100
21000110
10220000
20012
200030000
120000011
202000100
30002
111020000
100010102
110010101
10000013
400001000
200000300
301000100
30011
100002011
20000102
1200110
102200
3000200
111110
10301000
130100000
110001110
3011000
200002100
10100300
11100200
100011200
202001
100100012
11000210
30000200
201020000
100020020
21000101
10120001
30101
10200101
1004000
11200010
122
12001010
20100011
10000001
2100110
12100001
113000
4000010
3000020
310100
131
20002100
21100100
2020100
1002002
301001000
112001000
3010010
1001201
31010000
100031000
2210
10030001
20000120
1200200
200200010
31001000
100004
210200000
200000201
11120
21001100
201020
11001002
130010000
100020101
100110110
20001020
1003100
1001210
1000022
10201001
110000111
120100100
120100010
210001001
101002010
2030
201100100
100120100
1220
10112000
10011200
302000000
120000020
100002020
30001001
1003001
101000120
11000102
30101000
11030
11010002
1101011
110300000
120101000
300100001
20100200
11010020
1101101
400001
130010
200001110
121000010
10000130
10011101
1020011
100200011
2111
30010001
100030001
4001000
120011
102002000
3101000
200001101
12000011
2010002
30020
130000001
111000200
10010102
101101001
301001
1100210
220001000
300000101
21000011
10200110
102100010
111002
2210000
1021010
310000001
120001010
3010001
12001001
30000110
300020
10100003
10002020
110011001
10210010
10210001
210100010
101101010
10011002
140000000
110003000
10001300
130001
30110
20021000
1011002
100100
10002002
1002020
210000200
120000110
200000111
111200000
111100010
201100010
1301
122000
103001
300110000
203000
20
210011
10012001
3110000
101001101
200102000
10001102
10101011
1020101
1011011
20000030
201110000
200110100
100100111
23000
100030100
32
1112
111000110
10100
20100101
2000210
220100
11002001
10102001
1201001
100310000
10100111
110101001
2010020
101120
100010111
10201010
2011001
1010201
110000003
121100000
210000011
32000
100001012
10030010
1011020
10010
12011
10000301
200120
10013
102000101
211001000
21200
110012000
110020100
120000002
1103
1010000
1121000
20011001
10000112
10110101
100001
102101000
1110020
101003
11210000
22001000
10001000
101001200
100130
2012
410000000
20003000
1100030
211000010
112010000
121000100
10000103
400100000
100021001
11000201
110000030
210010100
100300001
111000002
100101101
10021010
102010001
101210
1100120
100200020
300011
200110001
1110101
10002110
21100010
1200020
201001100
100101002
12000020
10000400
210011000
30010010
310010
120000101
320
12020000
1022000
202000010
311000
3002
10400
22000010
110001200
202010000
102011000
100020110
2300
100003100
110111
31000001
11010101
102002
11011001
202100000
110102000
100000100
230
110100101
110020010
210002
120101
100202
200102
120200000
2120000
101020001
13010
120020000
102000011
41
2010200
11200001
111001001
100300100
1130000
1300001
202001000
4100000
101010200
11210
2012000
1003010
41000000
104000000
2111000
300001001
100000400
101100020
110003
10011110
110001011
2021000
210200
11020010
210000101
1103000
12000002
10010000
10010003
4001
12000101
10112
11012
10100120
200111
2120
10200020
220010
110021
103000010
10130000
121100
1000400
401000
2003
101100101
100110011
20100020
200012
20021
220010000
301000001
21101000
110000021
22010
200111000
110030
10111010
10001012
1002110
100040
212000000
20100002
10020101
10110002
100301
23000000
101300000
100200002
20003
22010000
110001002
100211
40000010
10001210
10000031
10010120
200000210
1010030
1111100
1001120
100013
200000021
21100001
102000110
1011110
20101100
10010210
11003000
200
20010200
110000102
301010
200000102
100100201
1220000
12110
12010100
10300001
200010101
111001010
300002
211100
101020100
111101
2002010
1011200
130001000
111101000
1110200
200000012
1100003
11011100
10121000
110001020
1000010
110030000
101210000
100000130
2020010
1030001
1010300
310001
3011
101100110
120010001
11010011
30110000
300001010
202000001
22100000
1101110
12000110
100100102
101201
3101
10300100
113000000
200100110
11101010
110000012
21010001
101000000
101001110
201001010
111010001
100210010
100201010
100002200
110100020
121001000
210010010
10000022
10040
200100020
100000121
102110
20110001
1111001
120200
20000111
2000300
101000030
100200110
100000010
11100020
110100011
1111010
2110010
100101020
10210100
10110110
130100
100210001
100001210
200101001
1010111
112010
10200200
110010110
110010011
1310
111000020
111100001
11010110
10011011
1301000
1030100
2002001
100012001
12101
11120000
1110002
210100100
100111010
101010110
12001100
12100010
210101
200020100
101200100
310000010
2003000
100400000
100210100
100102010
12000200
10200011
20020100
2110100
11001200
11000012
200000003
302000
200001020
30100010
120010010
2101100
11021
1201010
1100021
120110000
111002000
100000013
20110100
2001110
100011101
10001111
1200002
101
1300100
3001001
1010012
300200000
210100001
100110101
1121
10200002
10030100
1100102
30000020
1040000
100110200
10201100
120001001
1010102
102001100
10000040
100100120
10021001
401000000
3020
10003100
102010010
101012
32000000
20030000
30001010
201200000
200120000
100101200
1001003
11002100
2030000
200100200
100000301
111020
101100002
1000301
1102001
100010030
300010010
1013000
10100030
1020020
10100102
200201000
101010101
10010300
111010010
110000000
101002001
2110001
1022
1001
100100000
10012100
10000004
200201
1210010
300200
110002100
2000120
110102
10004
300020000
20000300
10111100
300110
200010002
200010110
100002110
23
110201000
1004
1012001
200030
21110
30100100
2002100
1000103
101000021
210002000
101110100
10002101
1020110
1102100
211001
120000200
101011100
101102000
101201000
10101110
10020011
10110011
2201
1100201
210000110
12101000
110200001
10102100
1200011
12010001
310000100
210001100
3002000
110200100
110010002
110120
11001011
112100000
100001300
31000010
201001001
100031
300101000
100100300
100001000
11000030
111000101
11201
2100011
100022
10010012
310010000
210101000
101000
20020001
10004000
211010
2011100
100121000
11000300
13001000
110020001
102010100
2011010
101000210
1001012
100012010
20101001
100020200
200011001
11111
20200100
11020100
101200010
21101
10202
200002001
100101011
20010011
210000020
101000003
13100000
200200001
1130
11003
10100000
100103
20300000
400010000
100020011
101010002
40010000
10021100
2100020
112001
12110000
101101100
210110
100010000
101011010
100102001
100002101
100000103
11101100
111000011
13001
10220
11111000
10100201
310001000
30000002
20001110
101110010
10110020
10120100
201000110
2000111
200010011
20102000
20020010
100400
3000002
200101010
100112
310100000
201011000
101010020
110100110
2101010
1102010
103000100
100301000
200200100
100022000
21011
10100210
220000100
121010000
210001010
103010000
22000001
102001001
12100100
100021010
110100200
1110110
10000310
2001200
1001021
3020000
1400
111010100
301000010
100001021
2100101
1101200
100100210
103001000
11030000
311
101100011
31000100
21001010
20010020
101200001
100013000
21020000
21001001
20011100
31100
20111
11300
10211000
12011000
110000
10202000
100110002
221000
10110200
1202
11002010
300000020
100103000
100211000
10001021
101100200
111100100
1100000
101000201
20210000
100010021
101012000
10103
20000201
10010201
2100200
1000310
120110
110011100
200011100
200021000
20200001
410
21010100
210010001
2001101
1101020
30011000
200000120
100000112
11020001
11000
22100
31001
11101001
102200000
100101110
100030010
202100
20102
300010100
2000003
20030
200001002
14000
3100010
100100021
10121
10001
320000
100001120
21200000
1010
1101002
201002
40001
20000000
102001010
200100002
200010020
100000001
201010001
11100011
10020002
10001003
20000012
2101001
103010
100010012
11100101
20001002
101000102
1000031
122000000
30010100
102000200
100003010
10003010
20002001
4000001
1010120
120010100
40100
100000004
40000100
1010210
103100000
201000020
200001200
20120000
10010111
10000100
300002000
11110100
11001110
20001200
10310
300000200
101120000
10003001
21002
30020000
100000211
220000001
100010300
212
20001011
10001120
103100
1010021
400000010
101000300
3200
20010101
1000211
1000001
100120010
200010200
200020001
100001102
1000220
102101
20111000
4010
101020010
1002011
111011
1000004
10010021
101021000
10011020
110110001
2200010
2001011
100200101
10020020
12020
12010010
201101000
201000011
14
100010210
11
21000002
2100002
201101
102110000
100000202
110000201
1000013
200210
103000001
201000101
410000
12002000
10101101
100220
102020000
40000001
10002011
10102010
2000021
