1030000
11020000
101010010
110010001
210010000
101110000
101002
100102
300100000
101020000
21000001
20100100
2101000
11000011
210010
1002100
1000201
1101100
10001200
1001011
11002000
1100200
11200000
2020
201010000
2000101
21100
1
10000102
10110001
10011001
20002000
300000100
200100100
1201000
112
100000120
11101
2101
10030000
20011
201000100
1120000
3001
13000000
2000200
10000120
20020000
200000101
220
110101000
100010200
201010
100001002
100021
300010000
100101100
1000
10210000
100000000
100011100
100300000
1020001
10012
20110
110100010
100000201
10110100
1200010
1001101
200000011
102100000
11000002
1011010
12000100
200101
1003
100001020
100110001
1000120
102001
12001
110011000
3100000
31000
11000020
1102
10002001
1101001
120000001
200200
101000002
100011010
10021000
1002010
310000000
20000011
10020001
100003
12100
1001200
21001
11000200
120100
30100
11001010
100030000
100100101
400000
130000
11100010
10101010
100201
121000000
201100000
10102000
1100020
12001000
12000010
101200000
102000001
110002
110110000
1300
1001002
200000020
100300
10111
100002010
11110000
111100
101200
10001020
10000012
2100001
201000010
101000101
1111
1021
20100001
110020000
20000200
110000110
103000
13000
10200001
400000000
30000100
21000100
10001101
3001000
10001002
100210
112000000
101100100
301000
21010
101101
30001000
210000100
20010001
102010000
1012000
1003000
40000
30001
1002001
2011000
200100010
11000110
211000000
11010100
100010011
400
10100200
12010
20010010
20101000
10001110
1210000
110001001
103
1100101
10210
120100000
3000100
30100000
20000020
201100
101001001
10000300
30000001
1001020
101010001
10010200
220000
110100100
100110010
10002010
10001011
130000000
202000000
4000
10010110
111100000
200101000
20020
1011100
20001100
1300000
102100
2100010
201001
300001000
300001
100
200110
1102000
100210000
200020
100001101
1100011
11000101
10111000
100120000
111000001
11010001
20001010
200001001
200110000
300000010
20110000
200002
31
101100001
101001100
101000011
120001000
100200100
211
210001
102000100
111000100
100010002
110020
1000300
100020100
100100002
11011
10000021
40000000
100111000
1021000
20002
3010
101110
310
1010020
20000002
1001110
1200001
1011001
100000300
110000011
310000
100002001
110101
30000010
210000001
1000000
101001010
100200001
10100020
10100110
103000000
110001100
100012000
11110
202
11001100
10011010
110000002
1000030
100000
300100
2110
100101001
200011000
20010100
40
200001010
111001000
100102000
100110100
101101000
2000110
200011
121
101011
201000001
100100200
100010020
20101
210100000
2000020
100010110
2100100
10021
101011000
100200010
10100011
200000110
121000
10
120001
1000003
10101001
10030
100020001
120000010
2001010
1110010
11002
11011000
10010101
100003000
111000010
1010002
1110001
1000012
120000100
102000010
10201
100012
200010001
110200
1201
111010000
2002000
21100000
100010101
111010
10012000
10002100
301000000
120010000
10300
110110
201001000
100100011
100002100
100000003
110000101
20200000
100030
11101000
1010200
110010010
20011000
100111
1000021
3000001
2010001
1110100
11001001
10011100
110010100
110001010
300010
12010000
200200000
10000003
100000012
20000101
20200
10010002
31000000
2002
200001100
100000021
10120000
112000
110011
2110000
2000011
130
1020100
1200100
110000020
100201000
100000111
1000102
4
10200010
10000111
12100000
100001200
10000201
1000210
10003000
10000030
10020010
2001001
1020010
100000102
10110010
1111000
100020010
102001000
10000
1210
101020
10102
120010
100001110
101002000
10200100
10020100
10010011
101000110
13
30010
1120
11100001
1100110
22000000
110200000
111001
10201000
10300000
2011
210000010
200000002
110000200
100001011
1100002
10101100
100120
220000000
210001000
10120
1010110
30010000
101000020
1010011
1010101
100100020
100011001
110100001
4000000
1000111
200100001
22
101000200
10003
1101010
100000030
200010100
11020
21000010
2001100
101100010
2000002
202000
210100
200010010
100000210
102010
2200000
2020000
12000001
10100101
200000200
11200
11100100
11010010
211000
3100
20000110
22000
1012
20100010
10010020
2010010
300000001
3010000
21001000
10000000
200020000
20001001
200002000
2200
110002000
100021000
101010100
10000210
100100110
100101010
1030
10100002
21010000
3000010
2010100
301
