1000430
3103013
330131
3011003
322013
22304
2300003
4002032
133130
230201
230042
2020400
23024
242
431030
3020402
14303
430004
3031004
3014
2400302
2233100
30323
3201230
3102002
2002202
3102200
4013000
4030031
2400023
2300024
1300001
304010
210023
22322
4001030
1300223
2200130
300023
3212300
231002
44000
3002312
240032
210200
22202
1023023
222020
3000104
32222
1320023
2034002
3004031
304400
1013033
40202
1022003
232400
3110003
304202
3030041
3012302
313130
310430
4300130
2040302
2002103
2000102
202310
4310000
4020320
1043003
3230120
3200021
4100003
1303301
300002
3240020
302213
3203030
3040220
304301
230231
4000202
2020133
2020223
2004032
3200222
322004
3023003
2331002
1001000
3100331
220313
2423000
2301203
113303
313010
2230202
1304300
2030
3230021
223130
3102203
202130
103130
303230
2013320
2210000
4130003
3102023
3200120
213302
312302
23213
3002210
331130
2031230
2030042
1003031
13322
330113
3012020
4100030
410003
140330
42020
331004
4030400
3122003
100043
3022010
313301
4020230
1400000
2123000
3331001
3032120
230132
3312200
340040
3302030
2021033
403013
231230
11303
2033102
3103100
2130203
100031
233201
3030311
330311
103301
3440
1322300
23300
1033001
3103001
130220
4133
1220
3003011
3320300
4000322
1303220
201320
21200
2103200
230303
3012230
3400100
3321200
43220
331301
3004022
3002213
4030100
3202013
200132
3301400
400034
212303
4003220
2200004
2000024
312203
34103
103340
43031
4202000
4003103
302303
1034
2002430
2120303
2300132
300032
30002
1220330
23000
3122000
231302
331010
3010310
40301
31403
102230
4020302
1320032
3300101
3042002
3010223
310403
1233020
1003322
1003040
10223
3001022
133040
100322
321200
43010
22301
1000304
1100033
3222020
232103
130310
302030
2001023
3400004
430130
4000103
323003
2200304
1032200
1033310
34031
3200210
3022040
4220300
1323020
2024030
24002
2231000
2102330
303203
3100031
301223
330410
123032
100433
3332000
203222
3422
20
110303
200324
3310103
3031130
32300
3113030
2031023
1232030
2022230
103010
3313010
3100313
402203
212033
110300
104330
301022
3020303
202202
310400
2210330
2040020
1030310
3402200
3210230
4300010
1300301
3220040
100301
320000
24020
3302021
100022
3310310
4000022
430031
3001034
2002001
3223001
3042200
302033
3010022
322100
3203102
420302
4040030
103013
13304
4300100
3032021
3000401
204320
330212
343001
42023
3301103
33023
30023
133013
2023004
40403
3200003
2420300
3032201
2002403
4320002
4200200
4300001
2021300
440030
3030101
2300033
300233
2002313
33131
3021203
4000043
3001001
230330
420020
104000
314300
2123300
2023001
32240
213320
3012203
230030
3131030
342020
3340010
21302
2312030
1000232
3231020
210020
1130
3230300
3030023
2240300
1003400
101000
310043
1400303
2123030
2300204
4100
1300013
2030024
4030004
2231003
4010
3410
3122
3202031
230024
310304
3110303
101330
120230
1103303
3002120
1040000
12230
10001
2220302
2040002
2030240
331022
310301
2342
2030123
313202
2210
1000301
3120320
3120023
3202040
32213
1100300
23240
13043
4032020
2000120
1000334
310130
301301
4000034
2220023
2302004
1020002
123230
13001
30413
2012030
3303011
1303004
1300340
220400
2020034
401000
300410
3100322
4230020
3000020
303302
2030210
33320
2240003
323000
1322000
21203
320321
4310300
333200
3002000
20132
1331003
2010320
313004
1030034
3003041
4202003
3000332
1400033
203330
3000431
43100
2420
3311
1303103
1000022
3213002
33122
2200331
2002010
1203020
324002
10034
34130
30041
3133001
3220100
440300
3010043
30320
2103023
232220
203321
21023
3003311
3303200
2000240
3120032
200
322031
2420030
1330040
2304002
1020323
1010003
3242000
2203400
2200340
2022203
1031030
3100304
220223
120032
240302
3020033
3220202
432020
1200320
1300313
3133010
2430002
1000013
3130040
3300110
233012
3031100
430001
201332
202232
3302210
4004003
143
1130000
30113
32204
203210
340010
22232
1340300
3102302
202043
3020213
3010301
2023022
400220
342002
2000222
3240200
401300
3401300
3200102
400313
233120
302312
1300310
104033
3301220
3023120
2230130
2200310
213203
3431
4100000
4310003
3002321
3001010
300221
203201
313103
3003023
2321030
2302400
233030
330320
1010000
2021330
212330
1230302
1000313
401
304130
14033
3004103
232022
103322
301304
4200302
2201030
2040230
32000
3100232
3200132
1340030
1302200
2202023
203120
4200023
1023032
3100100
230
3403010
4032002
4000301
2022200
2022020
3032
210323
321020
2123
143030
4313000
4301000
3110033
140000
303122
2020022
3230102
22400
2302010
3202022
2021030
212000
3014003
3202130
3044
3032003
2210003
1023230
1032230
2330
1330310
3100004
220010
13130
33221
130103
1202033
1003100
11003
430103
100220
3000041
3003101
3030002
1033031
320102
2030303
3032102
1003202
4400000
2300222
321023
203123
3013013
210203
332021
301031
40340
23012
33113
33410
4313
310220
3004130
4203020
2312300
334010
20003
2004320
4001000
3003320
2021003
23
100331
24023
3031022
2310032
202013
1030022
320132
302120
3341
130430
2021303
1000322
3331010
332120
2323100
3131300
3022130
20432
3310301
23402
13340
2213300
1003430
4330001
4040300
203003
2430020
3012023
1033100
2012300
3040202
31040
4301300
2203013
3100133
3200231
33110
21332
223022
302402
3020420
2342000
220133
10430
34022
2320013
1020032
2002130
2000204
333002
3221000
131303
222002
40022
4004300
1300034
3013100
1130300
1022300
1320230
2043002
4301003
3200030
1103300
413003
224000
2001200
2000201
2300030
1200323
4000100
31043
330101
3310130
313040
2034200
4200020
2230400
3103301
220310
23420
430040
303110
4003004
122300
213200
21323
3000203
2332001
2100302
242300
3004100
2204
4300301
2200103
1043030
2043020
2313020
2203310
1300133
100304
10433
300404
4000001
3100220
200210
3003104
3020000
1100030
1040303
2013200
3100403
3000134
232004
3001040
2000030
1133000
2010323
1000220
420320
1403030
3224
3104
3021230
2302310
4004
3231200
1313
420023
43400
1103000
2031203
1000100
3130202
3203120
4000223
2200031
13133
2024
3332
340004
22220
2322200
220220
3000341
122303
130223
31133
31004
113
3020030
2203040
2023130
3101030
301322
2003231
402020
233102
322202
23222
1310300
2301020
3043001
3010340
1020230
1020302
2020043
120002
2023310
40220
1343
1430000
3303002
2320001
1232
33032
2222
303140
4022300
2033
220430
3012002
313022
433010
312020
400022
4232
4230200
1400030
1032020
323120
2301302
1022030
3103220
3000143
4022030
2120030
2033120
2010203
133031
2030132
40304
3002300
2003123
430013
202031
3101000
3102320
3100430
130202
31340
2133020
302123
332003
2010020
304220
2320301
1304003
200201
310232
330032
2330300
2402003
2201003
33104
4223000
2002340
1003331
102302
2042
1000010
313100
11030
301220
320210
12302
2003021
3103400
432200
230213
41330
2103002
3202400
300104
4003130
2003420
240200
331031
1301033
434
303014
2301200
2030120
120023
3313100
3313001
103223
20402
130133
200312
300122
3140
2132030
403001
223010
102233
11000
302201
300320
2100020
301001
3301301
3031301
1031303
3404000
3204020
3021302
310004
2003204
3140030
33212
201023
301340
3310100
3040310
3301001
130400
1200200
140003
223013
3310400
12332
2002310
2003240
3400040
3220130
3120203
3001400
1200020
3130310
113330
220001
3013220
301040
2403002
320033
2202230
1020203
432002
4100303
3420002
200024
1040
3000011
1032302
2000243
20243
1310033
310013
204230
100334
2204300
2302202
1022000
204023
2000342
123203
3034010
1001
302132
2302001
3323
403103
3024002
23042
4000130
1004330
22040
3301010
32132
3202310
240203
113030
221003
10013
3002012
3033011
2102300
1200332
3020
13034
3031220
2231300
2320220
2302103
2300402
3033020
330203
131003
200042
4030022
2300021
2040032
213230
3000023
213020
2040023
2002331
3022220
41300
40043
4023020
204203
310100
1003130
201230
332210
30101
431
3030302
1303202
3100400
312230
3030113
1033040
2030204
2002100
203021
343100
1310000
230300
1030403
22340
331103
2303012
2200034
400400
202001
4001330
1000340
102200
4031
2100323
113000
201002
2000324
320204
3003212
210230
203420
40232
4302020
3030320
1220303
33020
3110000
2302130
32003
3222002
104003
310202
203303
3314
3202103
102020
10403
4310
2003222
3403100
3103031
230204
3310220
2240000
232310
3013004
340001
3003122
1202303
2020430
440000
422003
304022
2230022
140300
202430
3000122
2120000
1323002
2313002
330230
3202001
1020020
2003132
23204
13013
4022000
30332
3431000
3001031
2000303
420002
321230
41303
2310023
2304020
3113000
31010
400304
321302
2020331
230102
22004
1130330
2031200
101
4203002
2320010
1000433
133004
2030330
2003312
3201023
301100
4022
310313
3023300
1020233
3132020
123302
3010133
1300220
3300212
1300130
1031330
401330
4000220
434000
2003330
2130320
200030
203312
303212
200033
2004002
3210020
3104300
3043010
323
3031001
12002
300401
2222030
2032022
3130220
3040031
3012200
3013031
1433
3100310
3340001
333110
14
2321003
302003
1040300
3113003
3042020
120200
102203
23102
2302220
1000034
2400320
2130230
2020310
2300213
1000331
3401030
202040
302102
1340000
1340003
3320
311000
320042
100313
332012
1333010
1023203
100034
30440
2130023
1203302
403004
3040001
32210
4003001
341
4003022
2243
3300302
2100200
2004302
2002301
420203
130004
103100
102320
3020231
20210
32201
33401
4020200
2302100
20000
33002
403310
1203002
3032012
3304001
301013
4203200
2222300
2202200
2000213
130043
4030001
4330010
3030032
2123003
30143
3320000
1031000
404030
3044000
3001043
1230032
3140000
3010322
3011000
20102
2200301
2001203
2000234
3400022
3221030
3220103
304310
2320022
2032004
220034
201032
3010403
2223200
2010032
410033
133022
2103203
1033400
204020
101303
11333
401303
1232300
2133002
1301000
3040010
313310
331220
4001
200300
110330
403301
1220300
1300022
32030
3130130
1300403
403010
122003
34220
30110
32330
3200303
3300203
2233001
2130302
300422
4013003
2300120
4202
314
1130003
220103
4220003
4100300
204200
2210030
202403
100400
40310
4020032
1300031
3030221
2000432
4331
2003000
3000320
2300123
1302203
303221
30140
311033
200012
233300
1330004
2000
3010013
310103
20231
320300
202103
3001133
1302320
2203202
3410000
3040040
10301
41
1320203
2200010
3100043
231023
103430
2230310
1200233
3201032
31034
303011
120233
3310001
3020222
4030013
2023301
2030420
3101303
3002204
1303022
1023002
2304200
410330
10310
400130
322001
3002420
4000031
2003213
12200
3014000
330002
2302301
3312002
303041
3031202
1304030
3133100
33203
1003034
340013
103022
40010
113003
4340000
3220301
3200123
210320
220043
20240
3030200
20303
3030110
1004303
3101300
132230
34301
4000040
3230210
20201
31130
33230
3132200
202133
1033010
2222003
221303
3040130
30044
1334
3011
3033002
1302032
3201320
210302
3013001
3041000
334001
3230000
103310
1031
4000400
1302302
323300
2230220
2103020
3220004
3302012
3003020
2320031
24320
2000000
4023200
233000
4320020
2100332
341300
3031400
32231
2030021
2001320
221030
104300
3004013
300323
320021
2012000
3420200
1340
3223100
400403
243002
303032
3401000
430400
3413000
203024
4000310
3220031
3300320
303410
2003030
2200430
202340
2230103
2030222
2002223
242000
133103
30212
1000403
3200402
143000
1220030
1030043
2201
201203
323210
4301
3004310
331310
1330400
3020102
320330
3130031
413000
220331
102002
3134000
1013030
1032023
1003022
3400400
4001033
1004000
1000103
122330
331400
3003140
3310013
3401003
4303100
4033001
1300430
200330
4103030
203231
320213
2002022
200420
330041
2312000
330020
3023201
3021032
4430
2020232
302024
30221
3203
3220001
4031030
3020003
2000003
2402030
2230001
122030
3134
4020002
1010300
133400
3031103
3000101
4013300
3123200
2302031
2023040
3020024
3300131
2020313
312200
3100034
130232
4133000
1202003
300200
3223010
3002003
30311
304004
3123002
31301
2002043
3022400
3404
3301031
23003
430100
203012
1001003
3222200
3100340
2331200
204302
31313
2012
30131
3010001
313001
2300240
103043
3010430
10031
410300
21233
304031
2312003
3000044
30122
2100032
321203
302222
3221
1331300
402320
122000
132302
130100
2023010
10100
301133
2204003
3203012
203300
24032
4232000
2400200
1330013
2030213
223400
3233000
1030232
3000413
220340
3013130
44030
22130
3300023
3032030
12323
1332002
130013
220031
3023
2003024
134300
20234
2320130
300302
1004
3010313
3101330
2220203
3130103
3014300
24230
3200312
3311300
311303
3004010
3300113
2013002
20033
3110300
330401
3200330
1330220
2004230
3203201
3001430
4031003
222200
133301
3011303
14000
4300103
230321
4000004
3130001
231020
230120
3101
3213020
420032
202301
3040004
4030010
3310040
3004001
312002
1133
3203300
2330210
233
1030223
3103202
1310
223202
3000224
3030230
1003043
400013
221330
230240
130301
3030410
2103230
1030301
433100
400223
2213
240020
132002
103103
2332100
30431
332
113300
132200
2200133
331013
100001
34100
4300031
2322020
2300201
2042000
223103
320003
3130400
103313
2230010
3201020
1033301
3200240
322301
3401
3302300
4100033
10133
2340020
422300
1322
3210032
1400330
2213000
1330001
2000210
301103
300143
4003013
232301
3002132
131
2302013
3230
202223
224
3130013
13031
3003230
2000333
230033
1303130
2033021
20330
22010
4300220
2302022
2001332
3202004
4303001
4000331
32033
1000130
3122030
3400013
33014
2301032
3330011
3400310
3101033
413300
12032
20021
4400030
3304100
1200032
3301013
320024
33011
2313200
2023202
1030031
3210023
3204200
1301003
1002200
1003013
202331
330122
30401
3000302
3202301
220130
310133
34010
2003003
1310303
3220310
3002222
300341
200342
4331000
4010033
2320040
31331
2132
4301030
2042300
2402300
43004
1031300
3230003
2324
2300
4300022
332000
4130
3023102
3000200
1034000
1032203
33302
3013301
311030
42200
2120033
1203023
1003010
3000404
2310230
3103310
131330
1130303
3400001
400040
4013030
3040013
1430
23123
32321
323102
13022
3000110
20120
31430
2300102
3300200
2202020
2200013
20042
1233002
3001130
1033022
402023
134030
3400301
100340
300014
2024003
131030
42230
1030313
1003220
11300
3031031
3002102
3002030
2013302
200432
1223000
131300
313031
320231
24200
2300210
430202
233210
200204
3020201
100403
440
2022032
132320
130040
101003
3001313
3022013
2132300
1133030
42302
3320102
4043000
2300042
2042003
21032
2301230
1300322
23210
3010304
21002
10343
2033210
2010002
43022
10313
2100203
310223
302231
1200002
1034030
3201200
430010
3100022
203240
300413
413
4300310
3113300
402002
133202
3013310
1100
2303210
3312020
23033
402032
3013040
1100000
3200213
300134
231032
202004
1010333
14330
300110
100343
2310200
3023012
4103
2042030
1001333
3040400
13400
4200002
3011033
2032010
3310010
32102
2220020
1000133
4230002
30200
2303201
1300331
2043200
2004200
33140
1230200
3240002
301004
120203
2203301
2002220
340100
321320
2200400
2003201
3130010
44003
31304
302000
1330010
1310003
210233
3130004
3103130
303020
2012330
1013303
340220
3010004
203402
31400
303311
4130030
1343000
3212003
132020
230012
3302003
2340002
1333100
2013023
140
220013
3200300
2203010
2302040
3302
40100
32402
3300032
1002032
302
40040
3000212
3100223
230402
3004040
3003401
320420
310031
1303310
1033013
223301
2402
10043
2232002
431000
300041
3020300
2020340
423200
103220
3340100
22223
20300
1002203
200243
3011030
303401
4000304
1313000
1103
330011
340310
20312
2032013
1030103
3320210
2020010
3110330
4130300
312032
302240
2100230
1032032
2001323
1313300
130403
3301004
4130000
2022023
1030004
3400103
31310
2201300
1033103
103304
3002024
4310030
4040003
1030010
3321020
4031000
2210303
2032001
13040
1040030
23120
220304
2000123
4300202
2223020
2031020
110003
3310031
4220030
4003301
2021000
1030430
2102003
40430
1320200
1010330
320222
3200000
4030103
2323010
13202
33101
4200032
4010000
1230023
104030
1330100
2024000
20030
3103004
3041030
43103
200240
330302
2301320
1030040
2000231
340103
2333000
2013020
2022002
203102
310001
40130
3420020
3102230
3003410
4202030
4010303
430220
303104
1334000
2000042
2323001
3403001
134000
3000323
3020123
31022
221
4304
2102303
2004023
4400003
312320
301313
2032031
1133003
33200
1003403
342200
10340
3000032
103202
2003102
3100001
202322
103403
103001
331202
4004030
2220002
221033
203132
1332200
3020021
311003
3030140
2330012
2002040
103040
3020204
3032210
1220000
40400
1320002
1202300
2013032
2010230
2001020
3300104
3000440
2003033
1030001
10022
1002320
340202
2200223
3104030
3013202
323012
3030020
1022033
43130
3003131
22313
3004202
30014
1331030
1301330
1030340
340301
3300041
2333
3002
320303
200021
3302120
400043
222320
3003113
3030014
1200230
2020304
420230
21020
4400
2303120
400232
103004
200123
3301100
1022303
1031003
400340
100103
2102030
1031033
322010
23132
4223
2033012
3202100
2033030
2230004
2200040
3221003
3200042
3220220
232130
1333001
2220200
2320202
1330022
2000021
32012
133001
3001403
402230
3010010
4103003
2030402
103133
22022
4400300
300230
2032202
140303
2003300
1403000
2003042
3130100
13004
3030212
34310
3310022
103331
3022004
1313003
2203130
1030130
41033
3000002
2213030
2102033
2013203
1002020
40013
3303101
10010
3000410
4330100
2203004
1430030
443000
4010030
422
202100
4002020
232010
30020
3131003
3103022
2010233
404003
200321
3013022
41003
3230030
4202300
2220230
1223030
2001233
4022003
4010330
1301030
3202220
123200
3330110
3033110
130001
3001223
3302201
3031310
2320103
31322
3024020
1230002
30203
1003223
3020312
4002023
430310
3000233
2330102
2020103
224003
300311
2330003
2223002
1030133
400202
242003
404300
310022
2320310
2004203
1002230
13430
32024
203030
140030
310331
320201
3002303
1003133
100004
300224
2300000
4001303
2022302
3140003
3011330
2200202
410030
133310
130304
314003
3311030
2400002
1032320
3200
404000
343010
302042
3200321
202313
3322100
2303000
4302002
4000340
200000
2020403
13331
2102
2103320
130340
3020120
330110
1232003
120323
10400
3033200
1100333
1030220
3002231
1003004
4030301
1033130
1000343
321032
4003400
2200001
410303
2100233
3022031
32123
1233200
2023013
1002002
3002402
420200
34013
30104
20321
2321300
2021
2324000
2220320
1300202
1022330
3004220
304001
1000223
3000113
4001300
2200232
2030201
400301
232040
2200022
1300004
2031002
3002201
400133
3410300
310340
10232
3031013
14003
3002240
3300011
2102000
2202320
2100002
2040203
3213200
2002133
133220
3021002
321002
3113
230222
3014030
203033
1001033
123023
13403
2120
120332
4300040
1034300
2001302
200303
2034020
1023200
3220013
3320003
2432000
1003340
223100
40313
40103
21320
330221
32303
30230
3010103
40004
3001331
4030202
1040003
2032310
4002230
1003301
3104000
3033101
332300
3210002
3200012
100040
3020240
31220
1304
3020330
100310
3022310
2020220
2000420
4302200
2300303
2120330
22430
23231
1203203
140033
234200
310310
302300
1301300
1300103
20204
3103103
134003
4403
213032
3012032
1310030
1020332
2030312
1002023
1220003
2103032
3000131
423020
240320
42320
4003310
2200403
422030
310322
2233010
1000001
223040
44
3020042
3212
4031300
3020210
30011
1003304
320240
3031040
302204
1300100
2000402
3001202
300431
1202030
2200220
243200
102023
22100
1202330
2031302
3422000
403400
3001013
303101
2231030
120302
3004004
2331020
220301
1331
300140
4300013
3003002
2201000
323201
3300221
1032002
32
232013
3010040
43013
2300420
200333
32312
4100330
3221300
223004
4403000
303200
3242
1230203
3331100
30410
1430300
1200302
3210200
311330
22133
3300020
1320020
3010220
10004
303131
3032000
1000004
100430
2234
400103
130331
1023320
2031032
210002
322400
3301040
1310330
344000
2330021
3040301
3320030
2030003
3440000
2030033
304100
300113
300044
230003
2020100
3231002
120020
2032040
1030322
3410003
12233
12020
23021
10220
1331000
2032220
3232001
202022
311300
102323
3320012
302321
200102
301232
1033220
2020322
10103
110
234020
130022
101033
3300230
1203320
1040330
2002232
403040
3320120
322310
4322
2213003
1030331
20012
31001
1300043
1030100
210332
340031
210032
30422
3120020
130034
200120
4003100
132203
331040
1223
1303031
2020001
3203021
13220
3002123
4020020
2200322
223031
100133
341000
3200033
1002233
3302102
34400
31223
4200320
203000
3041
1130033
1043
1203230
2023220
3001322
302210
300212
4300004
31100
300440
3140300
2321
2310002
1202000
2010332
2002013
300314
3210302
133100
3022001
2210033
1303400
10304
4003202
3003032
1200023
330140
1001300
203213
4002320
2202002
2120003
433001
313013
2330000
2003402
30404
2000312
3210320
3021023
20213
2340200
1300304
1100003
1020200
30302
304103
3023000
3320021
30341
30314
300332
2003120
20420
3300410
3030104
3120302
220004
3000140
212
3132002
34001
1203032
2040320
20024
333101
1103033
230420
2232200
1303013
2
340130
23321
3022022
320312
3000014
2330120
3220010
100130
2303030
4032200
2010302
3102032
2040200
1000202
2203103
3201203
230123
2231
4002302
1301303
3031010
303023
1302002
3201002
3341000
4000013
2020004
3100202
3010100
4030310
3011300
44300
2423
34202
4430000
130010
100100
14030
22013
4200230
42032
32042
104
1302230
3220400
2032100
1020320
200234
3300311
3003014
2300012
3041300
10322
301310
2000300
2243000
440003
1043300
2031320
2330201
2030012
430301
3303110
1043000
102032
310010
31031
330104
1003001
110033
300101
3101003
203042
3002021
3323000
2203100
104303
2201303
2203001
11033
1322030
13103
330023
3202202
220322
3311003
301130
4320200
330014
3003302
2303021
3321002
13301
3030122
13232
2203031
2200100
2001230
204032
220403
3013400
320012
3330020
2000033
1103003
23330
2030321
3003221
1403003
222302
230312
4220
3110030
30134
4322000
2030000
2220032
2012003
2020031
2310320
1330202
1033202
1000400
2230301
2300321
3021320
43040
113033
3004400
2033003
1330301
3430010
4340
4000010
2403020
313220
204002
3131
4010300
2400020
2000423
232100
131033
1400003
3003200
340400
403022
2320100
1303010
2020301
322130
3224000
20342
4000403
2003210
40322
2130200
2322002
1303100
3123020
3203003
2202302
31103
333011
4300400
1403300
10334
333020
300020
1002332
4034
303113
3043100
34004
2010200
2002400
201233
2300312
3012320
3000242
3233
3100130
233021
3301130
1013300
1000310
3023021
314030
400430
3032300
3023030
2230100
2030102
1004300
3102020
243020
3022301
3002042
1323200
2020013
213002
3001310
33041
1300040
331100
2320400
1033004
2002304
2001002
400010
2303102
1000040
202034
43202
4030220
3103040
301010
3030401
4040000
1332020
143300
3034001
301043
3430100
3122300
3301202
2400032
123320
2133200
400322
133010
40031
1322003
1220033
1004003
3104003
23201
220232
4013
2240
200423
2032103
110030
103400
430022
2310203
2012033
1030304
4023002
2400203
3100013
401033
404
222023
102332
2201330
1004030
3021200
1223003
122033
130031
400001
3023210
1433000
2200043
3301310
20333
401030
123020
20123
200231
314000
2023100
231320
1403
30233
3041003
4030130
40331
1430003
2230031
1003313
3232010
222230
2240030
1300010
3120230
1010030
3100301
4034000
2023400
2020130
3300140
2002034
13100
3143
4304000
2400230
13310
34040
2003303
2003
224030
1003232
413030
42203
30032
2000321
240230
203204
130322
200222
1313030
1303040
3300002
3020012
22103
4040
3330101
3230012
1013003
220040
3201302
230021
4003031
3400130
1023020
3001301
1320302
200003
1013000
20222
1202
1000043
220202
200213
3002033
40034
10202
332102
2332010
2301023
1200203
2000012
131000
32021
3203000
1010303
3130301
1002302
40133
1232000
300203
3430001
423002
401003
2303300
3003203
202010
40001
24302
3000230
3010202
14300
222032
4030040
1030013
2032301
3120200
302012
2201033
301403
1330031
2020202
3202010
2204000
3024200
4200203
303320
1103030
403031
341030
400310
400004
2202032
1040033
3402002
3212030
3200024
4303010
4000430
3400031
302420
3400202
3400010
213023
4020023
2100320
2002031
3010130
23312
2303
3322010
4004000
2023031
3040100
11
1330130
2130020
2230040
2002004
1000031
202400
12023
2230013
123002
3022103
3010400
1001303
212030
301202
2432
3203210
132032
4043
33311
2303003
2130002
3210203
43001
10040
13313
3001004
1133300
3143000
202220
3000314
2023103
2030231
1320320
101300
2022320
3100010
143003
201020
30224
431300
403100
232202
2030030
303002
1303001
1001330
3232100
13223
2420003
2232020
233003
103034
3310004
3021020
4002203
240023
3030203
242030
212300
230210
12320
2012303
3200201
4002200
3200420
231203
134
3310202
1300400
4003040
2430200
322022
43310
3030011
313400
2100023
1003103
2001032
3020321
32420
2004020
4033010
2402000
201200
311
2032130
2000132
22043
3413
1002323
3103010
3100103
103232
324200
223310
10331
3034100
1010
3000221
2330030
2310302
223001
12203
302021
4020203
2000330
410
234002
223220
100013
4220000
3330002
23303
11330
2024300
41000
232031
2033000
2033300
3322001
3000311
2222000
2020040
22331
1230230
3320201
300131
3230201
110333
32120
1013
3303020
3131000
130313
3010031
110000
3302000
2103302
3022100
3040103
3013010
220100
310034
3003110
20423
3002330
1023302
331001
301034
31232
201323
332201
2310020
2320004
3212000
1302023
2032400
2013230
400031
3001220
332030
3200204
221000
122
320030
3220022
300011
3000422
3001232
3300401
4000313
3204002
120320
10130
13010
2200313
3120002
130130
323030
3301022
31202
2301002
1003310
403220
330200
1203200
1010033
320123
1034003
3410030
222203
301400
443
4003010
2130032
100202
3022202
2210300
2003321
334100
3040022
304013
1230320
1301
1103330
231200
101333
322103
22034
4103300
3402020
3130022
232001
3001304
403202
24203
3300122
3400220
21230
1400300
2010023
431003
2300330
3001100
22403
4103000
1330103
3010331
2403200
2321000
1013330
3311000
324020
403130
2202203
3030131
2120300
402200
400331
1230020
322220
100223
22001
3330200
4000133
1030400
200402
410000
2002322
203
3100040
132023
212003
301430
4001003
1223300
1030202
2300300
422000
2132003
2312
1130030
103031
2300231
1100303
320120
4033100
1300232
2033201
1020023
3004301
402302
3110
2003012
1022
30242
312023
41030
22031
2030300
400100
100010
240002
221300
304040
3300014
3304010
1004033
1001030
202304
40223
220022
302330
1400
4002002
224300
3010034
320
3013103
310040
3001103
2420000
1304000
101030
320402
3001340
2234000
1302020
323021
344
341003
322040
31013
340022
100232
3314000
3020132
230000
2204030
1100330
23030
201302
4000232
42002
300242
4010003
2203220
2203022
43301
20324
301331
2132000
3010232
22310
