114003003
114000411
11130030
122130000
1110303
222222
113220
11134110
233130000
31332
122322
330003000
411114000
30111033
14103300
112140000
123240
111113220
311322000
30
222122100
303030003
33000222
31224000
14400111
11133000
31440
222041100
300112113
14101140
123210000
12332100
1243200
301110114
30111411
3411300
222301110
111000114
141000111
4141110
41322
14102220
300301140
311130300
300142110
313320000
34110111
41103000
41101140
111330003
2331030
111000111
223221
300300300
300114030
300222111
311100
3141
222000300
24420
411330000
141000330
1124211
123213
222222000
1113222
300411111
33041100
30330300
3111030
300414
223113000
1114110
2231103
330000222
30144000
41103030
114300003
3122400
22203000
112143
411300030
111411111
303003030
411012210
31140000
41103111
304221
112421100
222012210
304110300
300122130
141111003
114222000
22201110
33114000
141030300
30000144
1110300
303033000
111322200
111014400
30030000
3333
330111111
142410000
141000300
1113114
111122100
11323110
300301110
141311100
411330
303
330014100
44103000
41403000
41130030
4221030
111030000
122103030
111111114
441003000
302220003
22200411
303011400
111414000
30144
13323
30041130
3330030
22204110
23340
411000300
301221000
30001140
34110
11130111
11101413
11101410
411303000
300412110
301110300
4110114
11111211
411300300
33001221
14103030
122411100
1140003
122100303
122133
3300
301140030
34113000
30303030
30033003
4140300
111300003
11401113
112113030
122103
300022200
141000000
3122211
111033111
12213
12232200
303300300
4143000
300303
33033
41211
303114000
300112140
31111140
30003
300000033
33000033
31122210
3222030
3111114
1411110
300312210
30114300
3111303
11214000
222000411
111122103
301410111
30000141
142110000
114111030
1410033
303004110
300233100
30003411
1411140
30441
301140003
33000411
22230300
22230111
12241110
1110141
300031110
111330
1110033
11213220
4413
414011100
304221000
300303003
311211030
3003141
330111
30222
222000114
112111110
303000111
44111100
30114030
3301410
122103111
22203
11100000
114411000
222004110
11122200
300112410
31110003
3144000
2220033
1221033
111012321
314100000
300011130
332220000
300141003
42210000
114111000
22231110
22202220
300023310
34221
114003
222030
331110030
14100300
222114000
11114211
222001113
314100030
300330003
141022200
30022311
11441100
11131410
441000000
333030
1443000
122100222
300022311
11412210
301221
1333110
11401410
122130003
111001332
441111000
141041100
4110303
112410300
1422210
11211030
141001221
3441000
414111
300030
303011103
301110111
3300111
14103111
14100330
312321
13320300
30030222
41211300
30001143
3014130
4110411
14133
3222
1121400
112221030
22311111
2220111
300330000
311100303
33031110
14130300
114030
344100
111041211
1110114
122100000
11214111
333000000
300022203
33030003
3300141
3031113
3014100
311211
41111211
30303
111004221
11322030
3
301124100
300014211
44101110
30122400
43320000
14241000
111112221
312240000
411000222
4121100
44211
4110030
11400000
111032220
111011214
411411
22200033
111222000
12221211
42321000
11103030
314100111
31410030
30302220
32331000
30111111
11400300
1111410
333030000
411000141
300001224
31110330
3133200
111141300
122100030
300000000
411014100
300014100
4221
141222000
3141030
11211300
30301140
3301110
14111103
111003411
112114110
111001410
1140
322203000
30222030
3422100
4222110
31413
14322
122100141
14211
300041211
4111113
14222100
330003
111301113
14400
11104113
11322003
441011100
41133000
12240030
300022230
31421100
30111141
14403
122111400
111112113
300003000
30300300
11112240
13320003
122211000
2220000
341103000
311211111
11111400
122400
1141140
330300300
330030003
300114300
41131110
3003033
3003003
303000
11111133
300011322
141030111
3003300
12211140
2231100
441030000
300044100
14101410
111301221
1140033
11131140
222011211
300222300
411001140
11400003
112140300
30301221
30002223
3142110
1411113
22311030
22211130
330000030
30301113
341103
41403
2224110
1111140
142221000
2221410
222000030
222030030
141141
112140003
30441000
1413300
14430
11104110
111000330
341100003
31113003
30004221
111330000
423210
113221110
411022200
33122100
122322000
1222110
30301110
3000111
111030114
1112220
11141103
303003111
311101410
301221300
311100141
3004113
303300
33114
32223
30114
113331
300030033
3311103
3112140
22211103
111111111
23311110
330001221
3034110
3031140
11241003
222031110
22200030
33222
141303
1142220
112110330
330012210
311222100
341400000
30141000
3030030
3141111
114033
23310030
300011133
300222003
112410030
111144
122211030
300031113
301111140
3111141
11400303
300003
2223300
111303000
300411003
301222110
33011400
33222000
30300222
3033030
14211003
133200000
222011400
300114000
141303000
30300033
41111130
114111300
122114100
122100330
301113030
33303000
301224
11401110
341111100
331221000
303001113
42240000
114003000
111033000
300013320
3301221
412140
33030
1110441
330031110
30013320
411114
141003000
12221100
304140000
433200000
312210111
30330003
122401110
22233000
111112140
301121211
112113300
11101224
23313
111111000
111022200
411300000
3000144
114112110
1221222
300300111
301110030
300004221
30030141
41103300
31111221
3003330
312213
30112110
114030003
3114
300
222000303
111001413
2442000
133211100
330003111
311130003
411141000
301224000
411001110
33000300
14111211
122102220
312211110
30314100
33330
111114003
111222300
11100111
1343100
411111030
33001410
34121100
141011103
1410141
303311100
3003030
22200003
330111003
41100330
30011241
1332300
1221141
412121100
144000300
3003222
14100222
11430300
112410003
111001110
331140000
300303030
30222003
41100222
11133030
122103003
111000
34140000
33003030
30011403
141000033
30000003
111314100
224220
303222000
311411100
422130000
32231100
111333000
112124100
414
414030000
300003114
422100003
33000000
41141100
31141110
114300111
300031140
414000
3033
2331
141300300
141001110
11414100
111411
441300000
31410300
41212110
11404110
300422100
1421211
111141030
222330
113331000
330000300
300033030
311101113
30003222
30111
311400000
142121100
111303003
11400141
33
233103000
300014130
301113000
33301110
144003000
30311103
311322
141114
300001440
30042210
4221000
111341100
222030111
1113300
114111003
300003111
311100114
322200000
31413000
30222300
4440000
4110330
142110111
311214
111141000
1222140
41211030
3112410
111041130
41214
133203
13331100
222111
330000411
30411000
30001224
111411000
111114111
22311300
2220222
322200300
331140
11211303
133230
4332
303030000
300041100
3311400
3030222
3000003
11411103
22341000
11111322
2442
301111410
32220003
4110300
4111221
123221100
300033000
30300003
32220300
114004110
433200
22230000
112224
222003000
303011130
33000330
30141003
142140000
312240
111141003
11142210
1221300
1222410
1121241
303000330
41102220
14130030
3111300
11133111
222001410
11100144
301113003
423210000
1410111
112113003
1113
222001221
114001410
12214110
222011130
23321100
2242200
223110300
411311100
30301410
4413000
4114110
4111140
11241300
111031140
30304110
11403030
302223
113220030
112110111
22322100
1440003
144011100
331121100
300003330
41111100
300033
122101410
11222211
411141
12210141
1121322
300330300
300302220
31121103
3412110
330411
2220300
22201221
311100222
3030111
141003
11211141
111112110
300331110
31110222
114000
112112220
300141030
30041211
4110141
302220
300300222
144001110
11411400
11101440
12243
111011100
112411110
300033300
300004140
300122103
141300030
41100300
3001140
3112221
1141221
11403
223410
122111103
411011400
412111110
1332
222111000
331113000
41100303
3141003
111003303
1124400
111111303
1110411
311111100
144000000
30012240
3222003
303012210
30233100
11211033
1332030
141000114
41101110
3033000
3111411
3000141
111003222
111011133
112110000
411001221
330000
1140114
222001140
22200222
330222000
3300303
111312210
1332003
22422
300122211
3111330
411222
111030033
1122210
11144100
112141110
300000303
141114000
31110033
30012210
1110414
111001221
312210000
30141111
31121400
303222
122101110
12210222
1132311
112140030
422100111
411112110
33033000
33000003
41400003
41100030
30223110
11131113
300441000
3041400
3004110
4111110
111311130
301121103
30001410
341100
22211400
33002220
141301110
143220000
3122130
11400411
1110111
341100300
303000114
41130111
1410000
122141100
12210330
2220303
300113220
31114110
41211000
411000
1112331
30030330
3312210
3014103
1224111
11322300
112111140
22212210
300030000
33001113
122131110
1413
13320030
2223
441000030
411300003
3030003
3031110
222330000
223110000
441000111
301410000
300000144
441003
11100330
111011130
300112221
34110300
114030300
341130
111300114
11430
1121130
303000033
14400030
222300300
111001224
2220114
22200000
23310
33111000
33112110
30011430
3311100
3000300
114000111
114141
330011400
3000033
3111000
111030411
11103330
12210
441000003
11133003
11241111
112113
13320
300300303
411000411
33001110
14131110
3001224
222030300
12210003
30411030
30033000
30011322
11130300
32220
141
31113111
30111222
411003
300001110
111003000
122122200
300311211
33003300
3311130
3141300
122100033
112110114
30031221
30011100
3033300
141111
1143
22230
223111110
441000300
30111330
11411211
301111113
3001113
303003
33000
111022203
111311103
1221000
301232100
300011100
142110300
3000
122103300
111030
30003141
33303
111030030
330303000
411411000
31113000
3331110
122430000
22203111
222000033
111000333
330111030
314100003
30033300
3044100
114001110
111300303
333
12210030
1232130
30000414
32221110
112410000
333011100
141411000
41400
1113330
111003114
1224000
11101113
412110000
111303111
33300
42240
333300000
331110300
300014103
141000411
300223110
12240000
133203000
11111130
2221110
113220300
12211113
141033000
30122130
3000303
330141
314400
111031110
3123210
330011211
311400111
411111003
422111100
33012210
4140111
14100111
41241
122103000
323310000
114222
122100411
222111030
144030000
30300330
3111003
1110330
111223110
411031110
30411300
1410003
11130141
112413000
223140000
312213000
30333000
3000000
222001110
300114003
300000414
414300
111304110
301140
12240111
112110300
330300030
411000114
30031410
1140330
111114000
1111110
23421
300030003
122400000
2220330
11212410
111300
111141
141030000
141014100
141000303
4113003
4332000
111411300
12211110
141001410
31121130
3041211
111030303
11111403
304121100
300341100
301421100
33022200
30002331
3330003
3322200
111041100
1443
111111030
300003303
411002220
33111300
30030114
42211110
3311211
2220411
330003030
322230000
114000030
411111
111000303
123210003
414000003
422100000
333003
414003
111300033
22314
222011100
330001410
301410003
22200303
111033
11322
300030141
411000111
33000141
142110003
31121100
14130000
122214
300314100
300000003
31124100
114041100
11401221
133230000
2331111
311101110
141111111
311430
2221140
122222100
330300111
31221030
3303003
1432200
111030330
300300033
30004140
4143
11130
234210000
11102220
111014211
414300000
303111111
300300000
301113111
3011241
11400330
33141
222022200
114300
330000111
311400030
422103000
33011130
3300114
11430000
30330
23313000
111133200
33330000
14212110
303111
112410111
2231130
1132203
311114100
300112110
300002220
42210030
301140000
411001410
30033111
1124100
411030
330300000
41400030
41101410
30012321
4410111
3003000
14104110
44100
1140222
11333100
301121400
141033
11114400
330330000
300301221
300041103
41430000
31110141
111412110
142113
330141000
114000141
1140000
1112223
300311400
30222000
4122210
304140
304113
233100003
304110
4410
123210300
3303000
3042210
112110
112140
333001110
304110000
30030030
14100411
114000000
114002220
11103300
300111030
111300330
122130030
141222
3330
330003300
30003303
3300222
3222300
114001221
330222
122211
322201110
142110030
114001140
222300000
112410
330011130
300141300
33300111
30111300
113220003
304110111
301221030
30041100
30122211
111302220
301332
12210111
244200
114300300
3112110
3011100
111441000
143220
22201410
233100111
442110000
30033
11211330
233400
122101140
1110000
314111100
300311103
300003222
422100030
222300030
3300000
414030
222003
122100
330114000
342210000
11130303
11241000
2334
311100411
412110003
31411110
30004110
3041103
422130
11114130
224220000
111222111
12432
311101140
4111410
3111111
111330111
11133300
12321003
331110003
412113000
14141100
300300
111411030
341211000
300014400
302331000
31113300
30003033
3330300
3411030
3441
1221303
11322000
411301110
32220030
30001113
12240300
11132220
222011103
303300111
411030003
300111303
30041400
3023310
111012240
300041400
301110141
411011100
301110000
3001440
300441
11211222
3030000
323310
301221111
3030303
3000441
302331
1111113
111002220
411000000
114003300
1410411
112122210
303112110
300411030
141111030
123240000
3144
123213000
301121130
122400111
222003030
14214
2220141
23310003
33111111
3111222
222030000
311133000
300030030
41104110
3303300
111414
303002220
411003300
33030111
30311100
141000141
3014211
342210
22201113
1111224
12321111
414001110
300111222
31410003
14403000
333111
111003033
11111103
330301110
300301410
30011211
301413
111030003
303001140
301110303
30300303
30000114
413220
142140
233100030
1221114
304110003
33011100
4224000
14122200
114303
111303
11100033
222033
311141100
144000003
41100003
30022200
3022230
3223110
111411003
111001113
12212220
11123310
13323000
414003000
31110000
14430000
3011133
333000
331221
1113030
11100222
30000033
11430111
30030
111142110
111042210
311103111
30031140
14130111
3000414
332220
114330
112132200
111000033
303000300
411011130
33003000
31140030
14100303
3011103
3011214
14112210
12210114
302220300
411011211
311211000
14114100
30000
31143
1113033
341101110
303301110
31143000
3033111
3004140
114011100
114411
111333
111003
300300141
300011241
33030300
3003303
111300030
22311
300330
303001110
301111221
30414000
30142110
3300033
114031110
3022200
1143003
3302220
303141
11130330
1140300
22200300
330311100
311241000
300111003
422103
11141400
32331
11211111
303003000
300001410
301110003
1410114
14103
11222130
303303000
300030303
122130300
303000303
302221110
114030000
114000300
30141
42321
311130030
411003030
311104110
302223000
11102223
301113300
41100033
114000303
111031410
141411
1110003
333000111
3030300
114003111
11433000
233100000
41400111
41100114
300411
112113000
34410000
41401110
30003114
314103
233400000
112413
122100300
1332111
30023310
3003111
14100030
4132200
12240003
222112110
23421000
1232100
33003
330030300
300300003
302220000
300000222
3333000
4110111
441030
223110030
11211114
311214000
30114111
3414000
114000003
111003300
111114
303000000
300111141
411111000
322211100
111013320
1121100
111022311
300000030
30123210
3011403
304410
312210
31113
144
301410030
111111330
1111440
133200
133311
422100300
33000303
114000330
11430003
300114
222411000
112110222
411000003
33311100
311403
144003
11103411
222002220
141004110
41101221
112143000
113220000
300333000
31110030
30111114
303303
123210111
122111211
330000003
30030003
4410003
114030111
222303
41111400
3002331
311400
1410030
233100300
23310000
11104410
1123320
11214300
311103003
311111400
30014130
3000411
4110033
303033
1141110
30303300
422211
11130003
11122311
124320
411030030
322200111
4410300
4140030
4110222
11130411
112111410
300003300
33011211
14100141
222300111
22314000
300300411
111301410
141011130
31121211
14401110
14101113
22312110
31410000
3030033
311103
11400222
111003141
1232103
330300003
301143000
300111330
4124100
122101221
3300003
11214030
422101110
30011103
14211000
22211100
330000330
300001332
300111
1113303
111114030
2223030
12321030
30000222
330000141
300300030
30112113
3114030
114011400
1141410
1121214
112121103
312210300
311100000
30303000
3113220
3000222
111041103
11101143
33300000
30000030
41211003
12210033
122100114
14100000
300012213
302231100
300122100
141003003
141012210
41122200
31332000
314211
301440
233100
12213030
444000000
303001221
322200003
301332000
1414110
1413111
411033
1114140
22203003
12213003
133200300
111000144
3233100
11130114
2331003
330003003
300011211
30002220
3030330
122400030
411000033
3041130
142410
23340000
22203300
111000300
13431000
311401110
411111111
311102220
141000030
1413030
111034110
111000030
134310
303300030
300030300
300031221
30011133
30000111
222111300
11222400
300001221
14103003
142221
2223003
311403000
141001140
114114
111000414
303141000
30122103
3411111
222303000
111004140
14241
444
11122230
1122213
233211000
301121100
30422100
11403000
11400114
44103
111003003
11433
24420000
114141000
301410
30333
111111033
1224
13321110
30111030
114300030
3001110
441
122211300
111011241
30014211
114111111
113220111
1221330
300001140
41400300
30322200
30000300
30111000
412221
222000330
312321000
30004410
22230003
2234100
411030111
4121400
3222111
144300000
33030000
30003003
11141211
300000411
31111110
3301113
122400003
111111003
223110
13320111
41411100
141112110
3011322
111041400
12211410
11222103
11214
22200
314130000
33141000
42210111
1410222
1113141
1224003
122430
331110111
303000411
41112210
11130000
12213300
1222113
330030030
330041100
33000114
41101113
4110
322311000
30330111
30412110
141003300
22241100
322200030
301111110
4140003
330
112221
300330111
11233200
314101110
300122400
114301110
11241030
31224
11100333
330030111
300012240
33000111
222030003
111004110
112121211
330033000
341100000
303011100
300003003
11131221
222411
122111130
141011400
330330
22422000
300030111
411111300
30030411
41100411
4410000
222311100
222114
113231100
301110411
33003111
30112410
4113300
3022203
111031221
11212140
33001140
141300111
41100000
114122100
133311000
303300000
30114003
3300300
3300030
4221111
111033030
112121130
300000330
44100003
141030030
41211111
11103303
111001143
222000
412110300
30331110
114114000
122241000
1224300
300003411
301114110
14411100
412410
33411
22200111
412410000
300011403
30001221
3341100
3014400
1140111
111012210
300330030
3122103
114000222
1224030
112113111
30004113
1411221
111122400
222000111
31221000
3001143
311100300
413220000
42210003
233211
123321
311111211
30032220
1440300
1143300
44400
333000300
333000003
311430000
300003033
4112220
11141130
314100300
300011214
31221111
112221003
300111411
4221300
1410303
1421103
330011100
34111110
33111
330022200
300301113
114011211
3001332
3111
30000333
133201110
304410000
141003111
14211300
334110
301113
12240
111111222
311103000
301221003
300144
111422100
313320
112111113
330001140
303030111
33300030
30341100
31113030
30133200
3041100
223221000
301141110
300012210
30014100
441111
111300411
1411410
3003
303300003
303022200
30311400
31110300
1121403
114
33411000
30300141
4421100
4232100
331410
11400033
1122240
1233210
411003003
301132200
1410300
111300141
4113
300303000
300111114
122403000
30414
222111111
300000333
300000111
32223000
411
222111003
303111000
141003030
42221100
3330111
3222000
3001221
111030300
1121211
112110003
303014100
303111030
30300114
30031110
11102331
3301140
114003030
1421400
11101140
122130
11101110
11112210
14400003
3004410
4121211
111033300
11244000
22230030
222000003
300141
1412220
1141113
11103033
1114221
111122130
12221103
334110000
30031113
411122100
34110000
141300003
1221111
33111003
3114300
303330
22200141
11241
1111332
42213
331410000
300000114
14100003
14101221
112440000
301110
41103
222003003
303411000
31222110
3031410
4113030
222141
222000141
312210003
3031221
14111130
314100
11400111
2223111
1110144
233103
4121130
222014100
112111221
13320000
1222221
330000303
30141030
141001113
3314100
111144000
111030222
1124130
330001113
414000111
12243000
30411
111022230
2220003
331111110
311100030
311211003
3000030
1143111
411003000
300000441
30034110
322200
111011430
122101113
330030000
41430
11100141
11222100
22311000
303000141
303122100
300001413
311111103
31110411
30022203
141300
11212221
330030
330112110
304113000
301140300
411004110
31440000
41114100
30001440
331110000
30030300
442110
112332000
12432000
303111003
300300114
301110222
23310300
11100114
300303111
300311100
30044100
1143000
41100
111014103
330111000
30300111
4110000
2334000
1110333
1440
11112321
122104110
412140000
311103300
300003141
311111130
30003000
114014100
111004113
111222030
30300000
3003411
114000033
3012210
22233
22200114
11100
411041100
301110330
300000141
311101221
32220000
331113
111014130
31140003
12210000
301112220
3000330
222003111
1232400
11111241
1132230
11223210
222000000
33300003
33000030
144000111
3000333
303114
4224
12210300
300114111
30303111
30311130
11103222
223113
244200000
111122211
30330000
30011130
300111033
30011214
3114111
111112410
11211003
2332110
411303
12213000
11100411
122112210
300004410
411000030
3012213
123321000
30411111
4140000
11403111
12213111
112110411
11112213
11103
11212110
11130033
303003300
301140111
300011430
422211000
30312210
30014400
114311100
11430030
1413000
1421130
1121430
111111300
300041130
11141100
11101332
142110
33004110
33011103
14130003
3030114
1424100
322230
111141111
22311003
12324
1110222
330004110
31410111
112140111
14100
1111413
112121100
141000
303000030
33003003
33111030
141300000
141111300
32220111
11422200
303003003
301411110
411033000
300141000
14101110
1113000
11100303
133200003
11212113
412110111
144000030
34221000
30003300
4410030
14133000
3141000
111000222
12211221
111111
31111113
41100111
111300300
2223000
122211111
30411003
411300
122214000
11122203
111
222000222
311100330
44100300
141031110
41100141
114001113
441000
112110030
330114
300300330
300030411
144111000
3004221
4121103
3000114
3012321
4140
11322111
301122210
30000330
3032220
3111033
111111411
111002331
341100111
34110030
41130003
142111110
111300111
1140030
11133
111011103
304110030
44100111
31111410
30000411
4411110
1113111
1111143
144111
111031113
112221300
12221400
1110030
223121100
303330000
300133200
111030111
222003300
112222110
311131110
300001143
30003330
11103000
11211
112221111
300011400
312210030
30014103
114300000
114011103
14322000
11103111
330011103
302220030
44130000
30001332
1140411
411001113
1114410
112110303
11100300
113223
341130000
41130300
41111103
114303000
133200111
314400000
414000000
311130111
111330300
1440111
1143030
233130
300111300
3114000
341211
1140303
1124103
11211411
2331000
300000
301440000
300001113
300012321
300002331
30003030
42213000
141002220
322203
1221411
311100033
122241
22341
23310111
300042210
311112210
111301110
111000003
122100003
2232210
301110033
302220111
30022230
333300
31221
31112220
1144110
2221113
124320000
422400000
300411000
311130000
112110141
30300030
30030303
42210
111222003
441001110
141330000
3011130
114022200
1413003
1114113
122100111
30000303
11403300
311241
12321300
11244
333003000
14100114
1223220
111012213
311122200
311100111
300111111
31221300
141011211
30112221
111303300
330000000
314211000
111030141
111111141
112232100
330111300
34113
11100441
22211211
234210
122403
303031110
30311211
41214000
30001413
14111400
3022311
11401140
111023310
111011403
301413000
300002223
14400300
11403003
31410
31110
111014100
33030030
114033000
14214000
314130
111003330
1410
12222210
414000030
300033003
30012213
3330000
441300
303411
2331300
2231211
111303030
111301140
3011211
330001110
141011100
30001110
414111000
300030114
300032220
33014100
111233100
303000222
41241000
31140111
42210300
122400300
223410000
113223000
330000114
303111300
31110303
3033003
3003114
31140
111000411
330411000
44211000
41400000
11402220
2231400
1121103
1111221
303030300
300004110
3303030
330300
303030
233111100
1332000
30003111
3001413
3002220
141030
41130
111011211
303001410
300322200
311211300
141111000
30222111
412110
1232211
303000003
341400
122211003
30011400
31221003
330303
13431
44100030
222300003
422100
141330
12324000
223110003
11113320
30111303
1140141
112440
300031410
311103030
111311100
300411300
14211111
1440000
1221003
1110
44400000
22214100
331110
12210411
344100000
141000003
3300411
3011400
1440030
144000
312221100
41130000
111311211
11114100
233101110
134310000
111222
330000033
411030000
30041103
41222100
3002223
122130111
11100030
412221000
33300300
30330030
30000441
3013320
1132200
411222000
300222000
30303003
142113000
3114003
3122100
12224100
123210
300033111
141141000
3001410
422400
311130
111004410
300141111
41322000
3300330
12221130
300034110
300030330
114330000
3030411
14103000
11411100
3414
22222200
300333
322311
111000441
300030222
41103003
11103114
11400
123210030
2220
300000300
3011430
11411130
111300000
112110033
2342100
1221
30033030
311133
11214003
223140
111011322
303030030
141030003
144300
122111100
333000030
3303
30112140
3411003
111002223
3030141
111331110
1113411
22203030
133200030
122212110
300222030
300111000
30030111
11114103
11100414
111001140
12322110
30113220
14400000
114030030
4221003
34410
3411
11104221
3303111
3411000
4113000
111311400
144030
11211000
300004113
31110114
11400030
1421100
112224000
411011103
1410330
111114300
1221030
311212110
3112113
222033000
11242110
43320
222300
12321000
111123210
330122100
300304110
411300111
411000330
412113
111003111
11100003
11111100
112332
30030033
31232100
4113111
11103003
31140300
11111214
1133310
314103000
3012240
414000300
300303300
300144000
222141000
111003030
111000000
123211110
303041100
30141300
114000114
444000
22200330
1122321
304111110
311100003
111300222
12210303
30122100
14111100
34140
2220030
2222220
300311130
141000222
4110003
11131110
14130
111011400
311400300
411003111
31110111
30300
41133
3030
11104140
2221221
12321
141122100
3304110
111441
111330030
1441110
411030300
30000000
44100000
11431110
11130222
11101221
333111000
300123210
34110003
114111
30300411
31132200
14100033
114011130
11111430
330002220
303011211
300011103
330033
112221000
411000303
412110030
111044100
223110111
112121400
300414000
300003030
30111003
14211030
114012210
300222
4440
1121133
111000141
222
341100030
301410300
122133000
11103141
22201140
311400003
30114000
301143
44130
111033003
1113003
111001440
