130030
31000
131020
112003
1021
1201300
2001100
2000113
420010
12301
2140
4210000
10300
2320
401200
200101
21400
4100200
1031200
1004002
220201
1000123
12010
310012
2302000
320020
130003
1202020
1100200
1100002
10210
1231
4201000
230002
301000
1002202
120010
4021
3003010
2401000
1213000
1022002
3001021
200401
200002
31300
2002021
211030
221020
2010040
1020022
2002102
403
100240
22021
122200
131002
3102100
3201001
300031
3100012
1012300
30100
102001
42001
33010
200104
1200103
121300
102004
1200202
31003
20320
1000222
2000221
21013
4002100
230200
3200011
1003102
12103
1200001
1010020
400210
2130010
203200
2013100
11023
1300000
3000301
142000
100042
1312000
1010023
410200
100231
40021
20014
124
4100020
3100102
3200101
1040200
3001120
200113
3100030
4000201
2010013
10012
3000103
1120003
11320
1200031
420100
14200
2020030
3020002
232000
103120
100201
10420
3100003
2220100
2100130
200023
10030
20113
2102200
20203
1002100
331
13120
4003000
1220200
3010021
302110
130300
2100310
201031
223000
401002
11002
1132000
2212000
3220
100012
20101
3000010
330001
3020011
2003110
1030
3000121
4000030
2000230
303001
30040
1020013
1002220
104002
12100
10213
2200300
3100210
2001202
130021
301210
300211
10021
1210000
2100100
30400
30010
321100
20011
3103000
1000033
1321000
403000
2110000
2202001
1023100
10003
2311
203002
1010302
20032
30022
1000102
21202
1030000
2004001
31
23011
2032000
2030020
1003030
1301002
400012
2101
1020400
121030
2200012
20230
30301
402001
1010002
1003120
2230000
3300100
1030030
2110030
100003
3011200
112
3002101
132100
120031
31120
12202
20131
2000302
2102002
212020
310210
22102
2130100
33100
14020
3000310
3000004
222010
21310
3300010
2102020
300100
1031002
10321
12001
3013000
3001300
3001012
204100
12400
11230
2000110
101302
311020
3112
3120010
304000
300004
2041000
1003
40
4012000
2100010
3012010
112030
202102
1022020
120310
1003003
2003002
2040100
40030
2000200
2410000
2040010
120301
20110
100102
13102
3130000
2301010
2012020
30004
2000311
200410
4012
202021
2310010
2020012
30001
2001310
3010
213100
1230100
1301020
2001013
201040
1100230
10330
24001
1201000
213001
2203000
3021010
3011002
2401
3031000
3210010
2200120
3011020
201010
21031
20410
1330000
310030
202300
1302010
200230
10303
221200
32110
1120000
300103
1002103
3001102
2000104
13
300301
4001020
200200
40003
3301000
1200310
31030
1200130
1300210
2002210
103210
3400000
2220001
203020
10033
3301
1000042
310102
210010
30211
4102
200320
213010
1020301
2010103
43
2100001
13030
1000330
1100203
402010
110200
1320001
2101003
2021002
241000
140200
4001002
103000
210022
2100004
1002130
1000210
20212
1420
133000
2010130
2000401
103012
2030200
1003201
41002
13201
3020200
1003300
1120
2012200
2030011
232
2104000
2301100
22300
1001020
123100
120400
10102
2100400
1200220
410020
130201
110002
210001
3000031
3121000
1020100
2010400
210202
201013
4300000
330010
2001301
103
22
1220002
302200
1002040
320011
1400002
303010
304
2113
14002
3000130
2113000
1202200
1000024
1
112000
1010320
1001203
1020103
1330
3003001
3000400
100000
300040
2200021
1200004
2002120
2000131
200110
31210
2131
3110020
1200301
30202
1000012
200221
130000
2001001
420001
320101
200122
2020000
1103002
3012100
2022010
102040
201001
3001030
2000002
310003
200020
23002
2003011
302002
2000140
4030
133
203110
200041
20104
12130
21103
1123000
330100
3400
4
210220
300121
2300002
313000
1210003
2004010
1002022
214
2002
230011
4102000
3000001
103030
1102030
300022
2011030
1032001
21001
2220010
3013
21010
1300030
2003200
1020040
1001302
1002001
101230
1102300
1302001
30310
3031
20401
2013010
102130
10042
2203
132001
101032
2101300
200203
1000
313
120130
102220
1303000
3020101
2000122
1312
322000
301030
23200
312010
220003
3110002
100330
1001032
2000011
1001200
2010100
130
120004
20140
211
3020020
1210030
121000
201100
12013
10024
340000
3102010
1300201
1030102
210103
301012
110032
103102
2200030
1120300
3210001
3201010
300001
40000
200131
3100300
1130002
1000303
320200
1010200
1102
121
4002010
2122000
3010120
2010001
120220
4201
1300003
2010010
100420
1302100
103003
3020110
210130
202012
31021
13300
110023
210031
100402
202000
20002
120040
4000210
100033
1012003
21301
32101
2210020
2201020
3000112
1201
4200010
2020300
220000
202003
100030
1002031
301201
100021
202030
1004020
34
101020
12310
2300011
240010
201004
1103020
3202
4210
1213
10132
4200100
4020010
1100302
2100031
130102
41200
2140000
2300101
230110
310
210400
1000000
3000220
400000
2100103
1024000
100
1320010
100300
300112
41020
11020
10
1402
4021000
10201
2001130
1000312
301120
100222
23110
2041
4010002
2110003
1301200
2001004
2000101
12220
2300110
2200102
23020
1020031
400102
220210
2100301
1013002
221002
301021
2014
2023000
220030
1200013
1000204
132010
220102
4001200
210004
31201
22030
3100
1002301
1000240
24100
3210100
1220020
302011
300013
1021030
210100
2200003
3000040
1130200
320002
210013
110203
110020
1230001
1300021
1020220
2010031
1000402
231001
31102
12004
1204
100312
20122
3040000
1320100
2200201
22003
1020010
123010
42010
12031
40300
2001220
1001002
103201
1123
3102001
2022100
30013
231100
102013
2410
2300020
3010003
310300
2200
4030000
1400200
13000
202210
2212
3300001
3000100
2221000
2030101
2000410
2000014
3030100
4000
301
200011
1222
1240000
110320
210310
4120
2110
412
2310001
2103001
11200
1402000
2310100
13003
3000211
312001
120001
4120000
4010200
2010310
113002
40120
3101200
2021020
20200
212200
101002
31012
1204000
1003021
1231000
300400
1022200
322
202201
1210300
1030201
3002110
120013
104020
4000003
2210002
400
1000201
113200
130120
2400001
1310002
2020210
214000
113020
3000013
2210200
3010201
131200
101203
21100
2030002
2302
122002
100123
43000
2011300
3010012
1310020
211000
122020
2101030
2011003
400300
22120
1210
4200001
1040020
1023010
100321
2011
1201003
2040001
1013200
30220
2003101
1002004
3030010
3130
3022
3022000
103300
3100120
102022
331000
22000
2020021
24010
300130
21022
10204
32011
4000300
2120200
1021000
1000021
310021
21220
2320000
34000
4300
2023
1000132
140002
2103100
2202010
1200400
300220
2230
1002310
1420000
103021
2100022
1000120
201400
200212
22012
10222
211300
320110
2002300
2000023
2120020
2100040
1002010
400021
100120
10120
10312
102301
3200002
310000
1103200
3100201
1040002
2004100
100132
3200200
3201100
301003
2014000
124000
102202
1120030
2100220
1300102
2010220
200311
200032
1030120
3100000
430000
3021100
1020202
1000231
130012
4000000
1202002
300310
3001210
20041
2010301
202
2200000
3120100
1300012
1012030
1031020
1032010
204001
1032100
2031100
20020
1002013
22210
2122
2400010
1200100
100024
1042
2300200
2000320
32200
1021003
1001230
2000212
1021300
412000
312100
1102000
2201200
3001
110230
310120
101023
2020003
1003000
2120002
1203010
2011000
1000321
4000102
1042000
20302
2020102
400003
340
421000
123001
211003
3010030
3030001
2013001
220
222001
210301
4100002
4020001
1310200
32020
13021
1012
1000300
3120001
1100023
1020001
231010
100213
421
302101
20311
2002000
3001000
3010210
311002
204010
102103
3010000
1000030
1010203
4003
311200
102010
3200020
1203100
120100
22201
1003210
240001
3202000
2000020
2103010
1102003
1200040
1030210
201130
1023001
2022001
2032
40210
410002
321010
1033000
301300
300202
2031001
3010102
20023
10402
1010032
4020100
1222000
1030021
203011
2221
2000203
1100020
1030012
1004200
201022
2131000
2000041
130210
2104
20221
3211
2110300
2001103
1003012
321001
42100
12040
30103
2020
1000420
301102
13012
241
3000202
240100
222100
220120
102100
1132
1230010
3200110
1203001
100210
3012001
2001040
201301
21040
3121
2100202
1100032
1012000
2010022
30121
3101020
100303
3001201
1130020
2202100
1002400
401020
12022
142
2020120
3040
201103
40012
13210
1024
3112000
1013020
2020201
120103
120202
201202
1400020
2100013
101320
4002001
230020
400201
120022
3000022
32002
2001010
212002
40201
3003100
1020310
201310
303100
30031
3211000
2001400
1001023
2001022
21004
10123
100204
1300120
3021001
1020004
3004
121003
201220
10231
3010300
3110200
302020
3101002
400120
200140
3002200
1200022
10000
110302
1300300
1030300
2000032
1010230
2010004
1240
2002030
3310
230101
200014
1000003
1303
2001031
140020
220012
202120
1020130
11302
4000012
4000021
2200210
1200010
11203
3004000
1001320
40102
2101000
1033
3002020
3002002
4000120
203101
400030
220300
2031010
2030110
3002011
2003020
2002003
33001
402100
1321
30112
3310000
1201030
200302
104200
101200
102031
2311000
4010020
2130001
2201002
2012002
1000213
10240
23101
3220000
3100021
1300
3103
112300
310201
223
210040
1030003
3001003
1100320
2021200
30130
2002012
220021
102310
11032
2400100
2301001
2002201
21130
300010
2010202
430
102400
