102302
100142
3021002
401030
202031
1002131
201221
1403000
4000400
1300121
1010102
1000112
230300
1311200
1001303
2001302
4010201
100031
4030010
203
203102
12302
131012
204011
201122
2030000
1001003
1240010
2100131
40301
2022110
1010303
200
400301
313001
1202102
1301012
100301
22013
2330
233
201014
1002110
3200111
1002302
220220
102002
401210
12101
2300120
2031020
1400201
322100
103310
100322
20033
2000012
3010031
2210210
1221002
1040210
2132
11420
4020002
3001100
1030100
323
2310101
1300211
2010110
1020101
1202003
1023200
10412
2411
1212200
320201
100022
10001
101321
2020400
314000
120032
132011
13112
4100210
212003
230021
301013
33110
1011230
3010301
3020102
3111020
400112
210140
201311
32
2003111
3011
421100
102122
2100320
1300202
2002211
3101003
3000122
1041200
20021
2001101
2003021
2410100
110210
320111
2023100
1200140
20
2012021
111002
3130010
2012300
4011002
1321010
310010
301301
103004
1001240
3220100
2210003
102110
1000241
103121
1202030
130001
4002200
4000040
1020203
2001320
122000
212300
320030
3210020
411200
103103
2222
21002
411002
10214
20300
3032
1110002
2100014
21032
10322
1020104
3112010
3110300
2130101
3201002
113300
2302100
1003040
1120100
1204001
3001121
4031000
2120300
2002400
1220210
1020401
3221
142001
3030200
3201200
1203110
2010014
310220
1210031
10310
3320000
3011300
2110130
1310201
2103110
32210
4021010
230
4211
134
121010
232010
2004110
3110120
14120
4003001
4012100
102023
111320
104102
1421
4020020
1032020
1003100
1000331
422000
130040
301130
2101301
2202020
2200202
2001212
3011012
3004100
2212001
101300
2100221
1014002
22310
2240000
1330010
23111
2131001
22103
1031021
20114
3100301
2111000
1040003
30230
204200
10304
113
104201
2220002
1300040
40121
321200
1230110
10022
1004102
4102001
1010000
1022030
2020220
1120103
3014
404
3202100
4000103
34001
1031102
3311
3001112
3013100
110000
2013011
121022
1200221
32021
101222
2000120
140030
2140010
132002
104300
1100102
112202
4000202
400031
41030
2021300
221003
220400
2104010
301004
1100201
31040
31031
1200023
130100
3041
112100
21122
312200
130004
400040
310301
2120021
1301210
4010102
2003201
4011200
1102100
20204
21011
2030030
1100330
2011031
120122
103211
4000013
2300
13100
11012
430100
102230
1020302
22220
1011203
214001
4030100
203300
2212100
3104
113120
112301
3003002
2401001
2000132
2220200
1202000
2002112
2003102
21200
2100230
1142000
1204100
3023000
2012030
301202
200402
1040012
4100201
2221010
3320
230102
330002
2030201
1030121
2010311
3100112
112103
1331000
3120020
211004
3011102
2002220
2101100
2201201
1100042
114200
2201000
2004002
301001
201113
3000014
30122
2032100
2003012
1033010
401000
2201120
2102201
1000214
4112
2300003
2201300
2310011
2222000
3002012
3001040
1410200
200204
122210
4310000
1310003
1201040
24020
4200011
120203
300041
241001
1130030
3001031
212030
1202201
30014
14201
3300200
1300013
11030
1002014
120002
11300
400004
3110021
1301300
3002030
1402100
200231
10220
3002000
1010330
20210
211022
2002103
200024
20111
203000
3200
3004001
13301
110231
3400010
4000022
2031200
320
1210310
1012010
1012013
3200003
1330100
1122020
2102210
2102102
4004000
4010210
3120101
102311
41012
2120120
2012012
100043
1021013
1430
314
222101
3001400
202040
113102
113012
203201
22022
203012
4004
2001104
2010302
2220110
1310021
1200122
40013
2231
3120002
2120102
240020
3301100
1100033
2002022
1000133
402200
30401
10232
1400
2013200
3012002
2042
104
1031210
221210
110222
40112
400022
1201301
103040
2100212
14000
32201
4013
1001321
3100022
213020
11132
1121
100124
1103030
4001210
3030110
1030103
220040
100013
241100
4200200
1223000
101042
1300400
3112001
1120130
1104200
2104001
2100101
1021031
301211
4200110
1400012
1142
22001
30311
41201
1001330
1000013
40022
23021
3201101
311120
3200210
2112200
31130
143
213110
1231010
2201102
3000113
2101040
1040021
1011302
1313
211100
3020012
3003101
1001120
4030001
1200110
1120310
1032101
13040
3000302
2023010
100340
140210
4210100
1400210
303011
1100120
100313
14300
12320
3310001
2200310
2101013
3100202
1013300
2131010
1202021
20120
100241
3003020
3100130
1003310
1124000
311012
2200013
2020103
430001
2110301
202220
4002002
2040200
1200113
3000320
2010032
1102103
100001
1020122
2010122
4010
4101200
1020023
301022
140012
110123
2010320
1101230
4001120
100004
211013
204110
330200
1200020
1020131
212210
3000203
2100032
2001410
440
122021
12401
32111
3020300
310013
140000
242000
1231001
3200120
2013002
2012210
13022
200030
1100402
2010203
30023
1201004
1013102
1001201
114020
230003
4002020
12011
401003
412100
10112
3210002
2010230
1401200
321020
1310120
1022120
3001211
23003
1000010
4020101
340001
1103021
2001131
1202
120011
4202000
2023001
1210130
1043
132110
320210
1104002
301040
110321
313010
2210021
101201
1301003
3022001
232100
210020
1130012
1102010
3002120
2003
111203
3200300
201032
1113020
310031
4301
212021
2203001
2131100
1230011
31220
2321
3200030
23300
232001
102032
2010101
2210
12113
332000
2001203
1100012
40211
2114
2000033
1101203
340100
240002
2212010
10313
21410
1013030
1020200
1100240
1011002
11321
2200301
1321001
431000
2210102
42002
40040
1012220
2204000
1300010
3001013
2100110
112031
3103010
2003120
122030
301220
1100
1133000
400001
311
2102012
2011202
2300111
2011100
133010
1011020
1302101
2123
4010000
1400120
2001020
100403
2011010
212012
3310010
2040020
201140
1232000
2200031
120302
1101002
301100
23210
112310
121301
3102200
2110103
3120011
221120
3002102
3020
301310
2101031
30131
402110
41102
1230200
1222100
1013201
1010240
131
4010003
42200
223010
302120
1101032
211040
11312
2300210
2000303
2200100
3311000
1202300
2010131
301112
121100
113021
202112
21101
2303000
2001011
2031101
1001420
112022
3203
304010
1001210
141020
200114
2203010
310004
1321100
1020311
1002041
2213000
1000100
200021
212120
4101002
3000101
2140100
1121300
1221200
2122010
210203
1210022
1330001
1000322
100133
210200
1200131
1030400
3001220
310001
220004
40001
3000230
1002020
2020310
402002
10040
2001113
4100300
1214000
2110220
2014010
20321
2240
3201011
323000
300320
2301101
13400
31022
1020110
120020
1103201
102041
2031002
20402
132101
3001202
302102
1014200
322001
130130
3012101
2101010
201002
32012
1304
341
212
231110
2010002
220022
200003
1010123
101132
3012011
2120000
4120001
33101
312101
1022300
302210
104000
2101400
2200211
1022210
3100121
3002201
311300
1000040
40004
201041
4040000
2200004
100040
22010
30041
1004120
2200400
2110022
2210012
1301021
1010012
410
241010
3010001
1130102
1100132
40103
21020
3020111
3003200
1201202
4300001
4001021
2
1123100
1212020
1001021
3200000
4100003
140102
30320
1012202
304100
1013120
11303
20420
412001
1220003
300002
210023
103220
130112
120101
200411
4021100
210230
3002210
1410002
204002
1021130
4120100
300032
220010
103400
101102
3014000
3001004
2000402
1012310
30113
112010
210311
4002011
1000400
201302
1203101
200132
1012004
41
402011
2132000
3000023
11102
41003
1001123
2013020
2010023
301103
1034
110120
102410
3011201
24101
220130
1103210
3010400
221000
4021001
1120031
2301110
1022021
3121100
220112
1200203
1200002
1241
1002212
102320
1102310
32003
400010
101240
3002111
3103001
1200230
310202
1210013
122201
1003001
1000220
40130
3410
101204
320003
2400101
22202
1300001
2221100
104021
11024
1304000
31001
200240
1002032
2113100
1022003
2000420
2001041
201401
2102000
2024000
200012
1011320
2021102
3111200
110213
110201
2000000
301031
410300
3201110
3020201
1003010
2202110
2021012
1004210
1040
3010040
1003130
400013
1112300
200123
14
101021
311201
1000004
1401020
301121
3100100
2020004
2001032
313100
130013
130022
2330000
3122000
410012
22121
104003
2024
1004000
2210120
120023
2102021
111230
330020
3300101
2302001
1101320
200111
1412
2400020
4003010
13211
10124
212000
1201001
2000201
1301102
1301000
4001300
410102
2100401
31202
1101302
21110
2110100
1302110
1210001
311021
3140000
3040010
1004021
413
30002
20201
3211010
330101
2110004
1301201
211301
303002
2311010
1200104
21230
1000211
121400
2012003
1120013
2010140
2030120
1104020
13220
22031
1022000
403100
4202
102401
4010120
2001200
4000031
1231100
2111300
1112030
10202
210113
2033000
1310300
312110
21311
1003211
3101012
302012
1010312
1311020
2113010
401120
1320020
1030010
4001000
300023
2012000
2002031
2301011
3400001
1220300
1112003
2130011
1101200
121103
120041
1003301
2211200
2031110
32120
3112100
102221
130202
2220101
2111003
1042100
2001023
1123001
1211030
1201100
102203
1042001
40031
1000142
1001300
2002001
1100030
3100031
1100123
2210000
302030
1002410
1001012
133100
202010
1240001
103013
1100312
42020
1403
1103
1303010
3301010
110
331010
1300130
200303
3002
12041
1211
30020
1030013
1120220
1020020
1003202
1221020
2020211
1340000
2001230
1030001
300122
2000114
2130200
4210010
222020
1210100
300140
3110030
3020003
30221
1000304
2101220
1000103
2102030
1002023
231002
1310
1003121
1001042
100214
2123000
2410001
1202120
2100104
2020001
3003011
4102010
1043000
3030011
1030004
401012
3212000
303020
300011
2012
124001
101003
100100
1003004
2120210
2201012
120131
2032010
3010310
1021220
2011001
3140
3113
3001130
200321
2311100
2011040
2004011
1112
4220000
132200
2130020
124100
1030202
2103011
21302
1220
2300300
1034000
4130
240101
1000403
1010420
1120004
100400
1010402
1230002
1312010
1102202
1302011
202004
1031012
30140
341000
201320
2311001
3102020
1002320
210320
3020030
3301001
1000001
231200
312011
1302002
2000321
1130120
2010221
3211001
113201
4022000
1213100
3003110
2303
1241000
321002
4100
3010112
3201020
2300201
100232
231011
101024
3401000
1410020
1010231
110024
302111
1320200
4012001
4002101
100430
10301
1010201
2001401
1300310
1040000
2110400
130103
130301
22211
3202010
2100200
410120
131210
210041
3012110
1210202
110030
1210400
2201
3121010
211130
2022002
220100
133001
21221
4112000
1400021
3102011
220211
4001003
1012100
1102400
1202210
202301
1100420
300014
1040102
2312000
2113001
2312
1001213
222110
2301002
1121000
200201
121001
2141
2231000
1220030
110300
2012120
1040300
2000024
302021
1201310
101303
2100041
3110
1400003
2001002
102200
21140
1310012
20024
41021
11120
200033
2033
3031001
120230
43001
4220
4100030
1230020
3011003
220103
210104
1322000
4013000
1110302
220031
104030
1012130
2100203
1120202
2100020
42011
224000
120401
21212
3001001
400400
230030
1010030
1201031
2022101
210122
3110000
2004200
102101
3002021
100010
3100400
1010003
220301
1021310
1022201
211031
4400000
1310030
1230101
300113
211400
1020230
1003031
140201
3020210
4020110
1010024
1340
420011
211010
1310000
1201013
220202
2230100
113030
1020002
1023110
121310
3031100
1030220
2020031
2000213
2114000
1132001
40400
10010
4010030
4012010
4103
4000010
1031030
200210
42101
10121
2420000
2210030
23201
2021201
1002401
2000141
211220
30203
131300
2202011
121004
303110
123011
321011
1000043
110033
3013001
2030210
421010
2310020
4210001
1002113
3102110
2400002
100310
2210201
300311
1024001
120113
2230001
122003
103010
4400
420110
11222
3013010
220013
20003
2002004
124010
12110
4100000
3300110
1420100
1102220
1201130
1102022
2031011
221
4300100
1103003
20411
12410
301400
142100
1012103
1011032
231101
3011120
2110310
200213
30200
2000123
2130110
1301120
102212
2030003
33020
130220
10004
1022
101123
21014
1000202
1420001
104120
3100103
1010033
3000011
410000
310400
2100011
22004
2002202
1000340
2000102
1311002
310040
34100
3130100
200300
2101130
10130
2300012
4000112
3040001
2002013
4001012
2000231
2010104
1331
3101201
3010022
3010004
3101021
1312001
3122
103301
102020
2420
110312
3100040
4000001
300212
33011
20012
1002122
222011
2102300
3103100
310121
12131
2040011
20312
1200302
1140002
1103120
10340
4010300
4001030
30104
310112
24110
3113000
40010
2104100
10100
120311
3021020
2000222
1210301
1102004
11033
1002140
101210
1214
2020013
2121002
1000124
1302020
210302
1041002
4000211
221030
4000121
2140001
213002
202001
3200201
1004003
112400
20030
410210
1012031
220121
3100010
1032110
3000212
310130
1021301
12140
2010200
4010012
3000131
2014100
1022102
1301
1001
102014
3100013
3012200
200042
2011301
240110
3010103
4020011
2141000
1131020
40100
1021040
210221
300200
1001030
1012301
401021
1004030
2000204
1220120
2101001
1021103
2321000
2003030
33002
1412000
213200
311030
130400
3021101
3302000
1300022
211202
230111
1132010
1011023
3020021
10133
201020
1021202
110021
201110
202211
103130
2102120
2221001
1120040
4003100
3230
2401010
1400102
1021010
201104
20141
2020010
2410010
2002100
1110230
2013110
2310200
3002003
2002121
213101
21131
1100210
21320
320120
1110020
1200014
3101210
111302
1100000
3000020
201011
3030101
2120012
203021
1120010
202103
30410
10331
2021030
1000232
3011210
332
31103
2100311
2002130
1201010
2012102
2032001
2101202
2002310
1402001
2211002
1120022
4001
120104
203030
3012020
1040201
31013
1223
3210101
321101
1040030
1101020
1100300
310100
4301000
2103002
1322
3001103
31400
1010213
101420
3101030
1100213
3000041
320102
1201022
1032011
1000412
122
1023002
1002002
3011021
401201
122102
3021200
2002040
1210010
21104
4121000
2203100
3010013
23
420200
310103
210032
3101
3110003
2200001
100211
3121001
121220
1002311
110012
101120
331100
103202
20132
110102
130310
1200041
1013210
1004012
122120
112013
200420
41000
300401
20102
1210220
130031
202310
31310
2202002
1213010
20123
2213
1310102
43010
11330
31004
2010212
1002101
3110102
210101
2110040
43100
110204
1023011
2102
31121
1300004
143000
1222001
2020121
11003
1020212
121130
3100004
2002301
2100410
2011103
3021011
3001022
2202101
3000104
1110320
1130201
1021400
111023
1303100
1300220
2000300
33200
400202
1302200
4101020
2001122
44000
1020041
1000130
2411000
400103
101312
203003
1031300
1310210
2310002
2400011
302
300101
3110201
214010
10241
2300021
3011030
2021021
3131
1001204
130211
104210
1000031
1212002
304001
1103012
4211000
220001
2110202
320021
112001
120212
1430000
2401100
3000311
3101120
200330
3020120
31100
1002011
4120010
1203200
12230
10043
2112002
1110200
113210
1220021
1020140
1001312
3120110
201410
430010
2121020
113003
312002
2110013
310211
4300010
140003
1132100
1103102
40220
23012
201131
2400200
1140200
1010132
121031
3010100
23120
1400000
310310
210014
14003
2302010
1240100
200102
240011
131102
200141
11213
10421
2200040
1102301
3041000
11000
1020014
3010121
11210
13121
2030300
2042000
32102
1010222
211310
101402
4001102
3000410
3220001
330110
4031
320000
1320002
2201003
320012
202130
100220
401102
1400300
4110020
2041100
22130
1010
31112
3220010
223001
30110
121202
110420
311210
2310110
1040120
2003003
2022200
2020301
400220
13010
123101
4110200
4201100
13103
2103020
1110023
210212
2021003
1010300
1401002
1014020
1024010
20222
10211
31211
303200
32030
403001
220310
13031
1002203
2041001
23102
112040
1210004
300104
3000221
230120
4040
30032
2002010
1000301
221300
10400
131201
110042
3221000
1300301
1103300
10031
3101000
302300
2400110
12002
1020011
100112
2103200
3001010
123020
1030130
1131200
1102001
41120
12311
1013003
1122200
1201103
2001014
1000022
203210
3000401
101330
202013
2100122
1400030
1020032
201203
1101023
34010
4022
102140
12212
4000004
2020130
100304
3101102
3000200
131000
2021120
242
214100
2120003
231020
101231
1421000
420002
12203
1030112
2204
213011
14012
222002
202400
2200022
2000003
1002230
1003112
1200320
2100023
201200
2011004
11201
32300
311003
130121
1112000
12020
3010130
1030022
2030
202202
4130000
4200020
1041020
211001
3021110
331001
1200212
2211020
1113002
1220102
22301
1001102
1003400
2121200
2001221
3110210
21113
1013000
2020022
100034
3100310
4100021
1201400
300221
212102
3030002
340010
3300011
13013
233000
2200220
22040
421001
211103
221021
300230
1031003
210401
3131000
400121
2011310
2021210
12023
2021
140
11021
4100012
1300112
3210011
102011
1211000
1121003
330011
1110032
1320011
1202012
431
2111
20330
420020
2112020
300131
2110010
100130
200222
1001231
3310100
3104000
2004020
2122001
1102013
1200410
1023101
2230010
2000030
1133
14102
113000
30212
1200011
2014001
24011
3011000
1032200
3210110
3300002
3000002
1021022
411020
1220012
2011400
1013
120110
140300
1312100
1000034
413000
2101103
40310
1031201
12014
200000
1200200
200312
2041010
201212
2320100
30302
20303
1001033
1320101
203120
101033
1102031
3040100
4011020
1013012
1130210
1200401
1100231
100202
2011130
21203
230000
2100002
2000312
1122002
1201220
100223
1100024
142010
3100220
2030012
21401
110240
101213
300020
210002
2103101
1203011
3100211
221012
1220000
2202200
120014
11123
3111002
210131
1300100
2004101
2000021
41300
111020
2200010
1300031
1000121
120410
104012
24200
2010041
3212
224
1200032
401300
1123010
2010410
1124
4010021
1211300
4002110
1420010
1010210
101012
1203020
1023020
2210300
3002300
311102
2402000
4200002
3200012
22400
12032
2000411
410201
3203000
320300
2100140
24002
201101
1313000
1033001
4001201
404000
1120301
2101022
1020113
121013
4201010
32000
1200311
2010011
1001402
111200
1030310
440000
4000220
1010204
1001024
1130003
302003
1030031
103022
200120
1100222
1001132
1000421
4100120
1030040
210011
1203002
3100001
2030021
3023
2000210
13001
1130000
1130300
11240
31010
1002104
121040
100331
12200
1210103
2013101
1002221
1001000
3000110
1031
201230
2200121
401
131021
120140
1031000
1001222
1113200
10430
1010120
3211100
102113
102104
1003103
1003013
13130
210110
2010020
103001
223100
1024100
13310
1100003
1000430
303101
1021100
20042
321110
2320001
3200021
210410
240200
2001110
10403
3010211
11204
204020
20231
10034
1004201
1232
422
11
312020
101030
3004010
410030
110003
1300103
1020320
3120200
4310
31301
2001140
11402
20000
400130
2040002
1033100
1002200
403010
230012
2010113
2320010
2301020
202022
1100321
212201
221201
2000
400100
2011013
2011022
2220011
1204010
120320
1102130
21023
2003300
2200130
111032
2201030
140120
322010
1131002
1120400
1011200
1010021
4020200
4201001
1130
402101
22112
3200102
3401
2110031
40202
1004
44
12122
2301200
4200101
311000
301010
1012400
102131
2000240
410003
1110203
103031
2040101
122012
3020000
1000313
222200
1320110
310022
1022012
11042
3400100
3300020
1130021
2110001
1021001
1030211
4000310
1402010
114002
21041
1004300
1000223
2101310
2020202
3010010
3410000
2040110
3102101
110132
14210
402020
20213
2021000
2003210
1010042
2120
140021
1103000
4000301
4000100
230201
14030
2402
120221
3032000
3210200
1222010
1213001
30011
100412
1303001
23030
122300
1121030
22100
1012040
141200
2220020
3000140
221102
3102002
1210040
300203
2100302
23000
2200112
100121
10142
4110002
2102003
131003
110330
103100
30101
12221
12104
4103000
2000330
420101
410021
112130
4100102
1102040
2022011
1020410
400211
204101
2200103
2022020
3022100
2010401
2001311
3230000
4102100
2030102
1140020
123200
1211003
101000
2030111
3010220
1030301
110402
3101300
2000042
400310
134000
202100
10223
2120030
2003000
3031010
2020112
110303
42110
2300000
3302
302201
2201021
1012022
1012001
2120201
2201210
1032002
2020040
3001301
1003022
100103
1200101
4000130
2300102
1031120
20240
10103
3030020
3202001
1013021
1010321
141002
2130002
302000
103112
131030
201023
3000032
123002
13202
2000111
112004
203111
300302
1100303
230210
2012201
14021
1003220
132020
41210
11231
300110
13004
2011220
112220
3130001
2101004
1000310
1100021
1020221
10013
123110
2300030
3010202
101
202121
4121
3022010
300410
1301030
2100113
1021004
100421
2020100
130010
1100204
3110012
412010
2111030
1220201
120200
1120001
1042010
131120
3001310
2122100
