2210000
1100102
1010210
2111000
1012010
13001
101000
100013
1020110
3101
3100001
400100
1012001
1001120
1000103
2010110
11
2001011
32000
2021000
13010
2120
12002
1001201
111002
210110
2020100
2000120
210200
104000
102011
1201010
1010021
2001110
200111
10121
1202000
3101000
1022000
1000010
1120100
1102010
2011010
1022
203
3011
110021
201101
200201
31100
1021010
1100300
200003
2010200
2
1300010
1010201
1220
121100
200210
1200110
110
300020
2100002
122
2100020
110102
200000
4100000
301010
12011
3100100
1040000
31010
410
10202
2012000
2001200
211100
301100
110201
2000003
1010003
1020002
1030001
211001
12101
3000110
2101100
100022
121010
1101200
3010100
3001010
1000040
310001
2100200
2200001
112010
1112
1001030
10100
100112
1201001
100103
1010000
1001000
1000220
130001
1220000
1000310
1100210
101210
14000
3011000
140000
202100
103010
1031
41
100121
20000
3000101
2000012
100310
2000300
30020
30011
200300
200021
1020020
11003
1000001
130010
201020
1211
220100
120110
3110000
100130
20201
1013
2000000
1103000
2102000
10010
30002
2002010
311000
1020101
1300001
2010020
4000100
1002101
104
210011
1100003
1002002
1000031
2100110
2000111
302000
1200020
1030100
1310
1040
1301000
1300100
1021001
30101
1010012
2020001
1112000
210002
10040
3200000
12200
21002
101201
1100000
40001
11201
300002
120002
220001
4000001
320
20210
211010
102110
21110
21101
1013000
2110100
100100
1011200
3100010
1010030
1002011
3010001
1020011
1211000
140
11021
3001001
220010
30110
102101
201002
1101002
200120
21020
11000
401
1400000
2201000
1020200
1100201
2200010
1210100
11120
11210
1000301
100001
14
101021
2003
1120010
101030
121001
2111
1010300
1004000
1130
12110
200012
1012100
10400
302
20012
1004
1011002
2010101
2102
2201
2100011
1310000
200
102020
100220
4100
20111
230000
1210001
100400
11300
10022
1301
311
111200
201200
103001
1200101
1010120
200030
20300
1000004
1010
111020
1000400
2110010
1201100
1010102
3020
212000
221000
1100
1002110
1001102
2030000
1210010
10301
23000
100031
2012
1200200
3000002
131
11012
2011001
1001012
112100
101102
1200002
22001
1100120
2002001
1100030
20003
1130000
1002200
3110
210101
201110
21011
3002000
3000020
4000010
1102001
1121
1000121
2120000
2000021
2001101
1000112
300200
2001020
3010010
2000
2210
2020010
120200
120020
10310
101300
103100
110012
1000211
3000200
3002
1120001
202001
2200100
110003
10004
1001210
113
400010
102200
1200011
20102
310100
21200
22100
101120
20030
2002100
2001002
202010
200102
1021100
2011100
31001
101012
113000
1101020
4001000
1000130
400001
40100
1001021
3020000
2300
10001
1001
120101
2000102
300101
20021
2010011
4010000
1000022
122000
112001
100211
11102
1102100
12020
10220
221
1110200
101003
1103
410000
110000
320000
310010
1011020
203000
3200
1003001
41000
2101010
100010
20120
1002020
110210
1003010
1000100
1000202
11030
2010002
1001300
2300000
30200
2003000
32
100301
4001
10031
23
131000
110300
2110001
2030
2000210
110030
300011
212
10112
1003100
100040
40010
10013
1110020
13100
10130
10103
1001003
230
3000011
210020
1031000
301001
1400
201011
1030010
1100012
1100021
101
2000201
20
1202
2021
120011
3001100
1000013
1121000
100202
2101001
2100101
22010
10211
130100
300110
4010
110120
2000030
401000
1110002
102002
100004
