121030
2010211
331000
1200103
4010011
1400020
120022
4011010
3021001
1004002
122200
1100212
104200
1201012
111202
101410
3020002
100012
1010401
211012
10111
1300
110302
1002130
220120
101041
3040000
2022001
2101201
103030
2000410
1200220
3001102
1101220
20011
3100021
30001
210103
1010110
1111
1103200
113110
1402000
1320001
30400
200410
114001
220111
1202002
2201002
3001201
113200
1202011
4101100
303010
3000040
101302
3001021
1000231
3100012
1020400
420100
1021102
1000240
1012021
4021
11122
1012300
1110103
123100
210211
2002000
2010100
22
111022
11110
301111
3000022
20020
10312
1320010
3100120
4001110
1010101
211120
2101003
1130101
11221
1020040
420010
2111200
301021
103111
421000
130021
1021021
300112
10021
101311
202120
10033
2004010
112300
220003
1002001
102103
2020201
110131
2031100
10012
1120300
3110200
200002
40021
1001221
1010020
1000213
4120
30202
1131010
1201210
1001203
1000012
2022010
1010023
1033000
2000320
1001320
4000111
1101103
2100211
1220020
2000230
3031
312001
1001041
1201000
3101200
3000202
2000011
100024
21001
331
2110300
1110031
1110220
12004
1001113
1022200
420001
2211001
102013
301000
3012001
3020101
2011012
22111
2003020
2101012
230200
31000
13003
13210
14101
3112000
1301002
1022020
301
21022
1230010
1230001
1401100
230110
41002
300031
1030102
1210021
210001
100312
111301
111040
302200
2202001
2002120
1310101
1011004
41200
10201
310
103120
140110
122011
2410000
2110120
2110102
203101
21112
1000123
312100
12010
1312
4000120
2010220
210022
100201
1021210
1300000
2032000
1031200
3130
1120201
41020
2040010
1111030
320110
1000003
2001022
100231
204001
4201
3002200
1132
1022002
2030110
1013011
201121
2030020
1201003
1010230
3002020
1200010
211201
3010111
130030
101110
21121
1202200
20302
1002220
100222
3110110
2020003
301201
3000100
32200
2010112
11101
4010200
1113010
10321
1010311
4100110
131110
4111000
2300002
1220200
1102300
4011001
123010
22210
202210
21220
2101
211
223000
2021020
1022101
1010140
3100300
2130100
3003010
1004200
2000221
1101130
202021
31021
2120200
34000
1000
2032
3102001
2010040
130012
400000
4000000
1212100
221002
1222
2014
3000013
2021101
3111010
4020010
2200120
2004100
2130001
11320
1031110
30100
2310100
2310001
1103101
21400
2100103
311020
202111
2000032
1010032
13300
102100
11410
1100200
3200110
402100
2111020
1110022
1001110
2112001
201040
1010011
3121000
130003
1300201
300010
1100230
1131001
1011040
1010131
410101
131101
1312000
2220010
2000110
12220
1201300
31030
1002310
3022
2121100
1301101
1001032
100
403
210220
120004
112003
1402
1130200
1003102
3010003
303100
1100104
20131
1420
14011
220000
1100203
4
1221001
1021120
1004011
3004000
211030
302110
13102
2320000
4000030
3013000
40300
120001
1103110
221101
4010002
1000210
302011
201004
13201
2110003
1200040
1002004
320200
3101002
3000301
11302
1000033
2100004
31003
2001220
240010
2140
200032
1004020
1011310
1003003
1102003
1032001
20032
1100011
1020031
221200
11230
2012101
31111
130
1301200
2014000
221020
130120
200101
1021012
20401
111031
411100
200041
2401
112201
1001302
3210010
1003300
1101040
2023
1201102
100120
100123
2110
2401000
2100022
101020
1200211
141010
1000330
1023100
1101001
1001311
102202
10402
10123
1003030
2013010
22120
1002112
300013
1012102
2113
110200
4001002
241000
12100
31201
1003000
1102120
3112
2001040
2011210
23011
30103
3010102
1101100
1001122
21211
2230000
32020
2011003
3103
34
120301
310201
1300012
12400
4300000
3202000
2100310
1032010
140020
113101
112012
4011100
1410010
1212001
120310
1201
10141
320020
100303
211300
103003
1101301
10240
10030
1101400
1013020
1202101
31210
2302000
2100130
1001230
321100
113002
124
300100
30130
21040
1001401
4210000
1311001
130102
1011220
300301
2013001
2210101
1100410
3011110
3030010
2020021
2002111
3100003
201022
3201001
40030
30301
120031
20203
2002201
212002
110002
1041010
3101011
133000
1132000
1200031
1112200
220021
1000114
3300001
20140
211021
2002030
1000312
112030
10213
4200010
1303
2100112
3210100
1100023
2200021
1020010
103
222010
200011
2400010
1100140
1200112
100111
301300
1001023
2000101
43
210400
1300102
3012100
2000113
1001020
2000140
110230
1031101
1310002
2040001
213100
32110
401011
1411
1040002
2131000
10222
20041
100030
310102
411010
1000021
101320
1101010
1100401
2002102
1001140
1024
200020
1210210
2010031
2210110
142000
202201
1001014
13111
400210
10120
1000102
102004
12130
3030100
1002301
410020
1040101
4111
4010110
120103
2101000
1000303
2122000
4010020
2010013
1400011
210031
2110012
1003111
1303000
1204000
220102
1301011
1100122
21031
1031011
1100032
2001031
200104
2003002
200203
1401001
121300
103201
3002011
213001
302101
111400
3110020
30004
1140010
1004110
1000111
111310
3211
30022
1003
1222000
3010
2000023
130201
102001
140101
1420000
4010101
3100000
2103001
2011030
410002
1100002
1020202
1400110
1221010
10042
1101004
1001011
1200301
30013
110014
4020100
4012
130300
2210002
4002001
200023
10003
120400
1210201
22012
101401
3001111
1400200
1013002
2001130
201400
101101
400012
14200
10300
1033
1311100
200110
20014
302020
1110310
220201
210112
3011101
1120021
301120
1100113
310300
4001101
201220
101032
2021110
4102000
4000
2121010
1210012
1102012
1121200
210010
100042
22201
10231
110101
330001
2001400
2112100
300220
3100
1120102
212101
4002010
102031
1011103
40111
1231000
1113001
120130
4002100
1020100
410200
120100
1120003
2200111
14110
111010
221011
2120002
1203100
3101020
10132
1102030
2030101
3013
1120012
40003
102220
3030001
4000012
22000
1030201
114010
4110010
2012002
2002
401020
1211002
3300010
1200400
2002012
1110040
20122
212200
210004
100411
203020
200302
2121001
1240
1130020
1110013
300211
100330
1013200
2010400
30040
1330
1100221
1030300
203002
2020102
1012210
2000020
101002
20101
1001410
1103020
133
223
1220110
2001013
132001
2021011
4110001
2100301
1010203
2000122
12001
121021
3110002
23200
402001
2110210
201013
3000211
1104010
1141
120040
1041100
12112
2212000
1003012
203011
2202010
22300
110401
4200001
200200
102112
311011
4101010
1011400
311101
201202
111220
2000203
102130
1013110
1011301
2212
11131
3200200
2023000
304000
20104
121201
3021010
1113100
1020121
1001131
1140100
201010
411001
4000003
130000
2211100
222001
110020
110011
101104
2400100
4000300
1000030
1000120
1123000
1020220
13012
4210
3001012
211210
220300
1200202
3010120
1100311
10204
1231
1100041
3400000
1030012
214000
1010221
110104
1020130
2011120
141100
41110
3120001
20002
110023
1122001
1210102
1130011
40102
3110101
310111
1004101
2113000
32101
31300
3011020
1020103
3000112
2211010
102010
3011002
1030
2200003
2001121
2103010
2021002
1100014
2300110
2000041
100141
3201010
2000302
20023
1110100
20113
1102000
3003100
1001002
201211
2400001
1212010
1102021
111001
2221000
2230
140200
2210011
1204
121120
1030021
1131100
200311
141001
2201200
1300120
13030
210130
30031
131020
1100131
1120
103000
2020120
1003120
202102
33100
122020
12310
3000001
2000104
40120
1040110
1330000
220012
1123
1240000
3020200
3120100
2000002
1024000
2002210
1002022
130111
102121
3001
1000204
120013
1220002
2300101
1040200
2020210
1001212
1002211
30010
231010
1012012
4102
121102
202030
1120000
1010002
11212
3100102
1220101
310021
20230
4003
131002
3121
3003001
120112
4012000
1110301
121210
2101030
3021100
1010200
400201
210013
100402
200140
2010022
220
110311
3200002
1010410
1001104
3010300
101200
110122
10000
2003101
1111300
203110
1023001
2010004
3101101
2200030
2013100
2120101
103012
4000201
1010302
4200100
2001100
122002
1010014
1210030
3100210
1200022
2220001
3001000
32002
340
1040020
100204
13120
21310
2020111
1023010
101023
403000
3301
410110
1200013
43000
2030011
4101001
102310
2000311
311200
100102
4021000
3102010
4300
112000
200320
2000401
12301
4100200
1320100
1110202
3000010
2100013
130210
100240
23110
2200300
14002
1002121
23002
1400002
4100002
300400
112021
2210200
2201011
3200020
1141000
200014
21013
4003000
1012030
1201120
2021200
210121
2300200
4001020
2120011
1030003
1210120
2100121
110212
220030
1300300
330010
1020022
310000
1200004
1002031
10024
104011
1020112
11011
2300011
201130
12103
12031
4120000
202003
121000
1211020
100132
301003
4000210
1110130
230101
230011
24010
2030200
300130
1104001
412
111130
1101022
1102201
2104
103300
303001
1104100
12202
101221
2300020
1011100
12040
430000
4020001
1100320
1200310
1040011
1021300
1002010
430
132100
204010
1101013
1042
1114
1030111
3102100
4001011
2111002
400300
322
211102
2320
1000402
210310
1310110
1211200
2100400
2001112
302002
4000021
1020013
2203
120121
3400
1310011
1022011
3010000
1000042
2220100
2310010
1410100
2101102
3301000
222100
12013
102211
2100220
3020110
1110010
2012011
100300
201100
2011300
1000132
102022
300121
3000130
1020001
1102210
3101110
3000103
31
10114
1310020
2010121
100000
1020310
1000201
113020
1010122
210040
2012200
3010021
201001
11023
111103
40000
1000420
2201110
140011
1020004
42100
1011130
1300021
2100010
1411000
2101120
214
1100020
3000004
3002101
2101021
110110
3020020
312010
24001
21103
110113
313000
2102020
3001030
2210020
22003
1002202
300022
2311
330100
230020
2104000
202300
2102011
2200210
33010
2011102
11401
212020
320002
3200101
1021003
2001301
2000131
1010212
1
124000
101131
1010113
1213
4000102
402010
1221100
320101
200230
202
2011021
110221
4100020
2000200
121012
1100302
20110
2201020
2004001
220210
12022
300103
401200
2110201
202012
2120020
2202100
104110
3012010
1122100
3002002
1201021
2011000
2010103
2102101
131011
212011
2100040
103021
101122
1120210
3300100
1122010
210202
110410
202000
231100
123001
121
400030
300001
3010210
1001101
1000000
2110000
3210001
1103002
131200
1011010
1203010
2001202
301102
2203000
1201030
4100011
400102
142
1203001
2031001
311002
102301
200212
1014001
10102
122101
2140000
401002
1400101
1311010
40210
1011202
101014
41011
2100031
201031
111013
1321000
1302001
2100100
104020
1100101
30220
2002021
120202
1012120
21202
2131
300310
3202
1014010
32011
101212
2200000
3211000
3100201
1200100
1200001
1120120
11113
2200
1111003
310210
24100
112
112120
101113
10411
2110030
1300210
2020030
3020011
212110
1030000
2003110
210100
2003200
231001
321001
1102102
203200
2101300
301030
10
400021
122110
1100110
3100030
3031000
2301100
310120
1220011
1110004
101230
410011
1210300
4110100
3000400
3001210
200131
22102
12121
1022110
310003
3000220
4030
400120
201103
30121
3100111
2301010
3001003
1102
1300003
2103100
1301020
1021000
33001
1230100
31012
111004
3011200
11014
2102200
310012
21010
2020000
1200130
2100001
1011022
101140
1012201
112210
20200
1030120
11104
340000
2040100
10303
301012
21130
300004
211003
100420
1200121
20311
400003
230002
1003201
1121020
40201
30211
1012003
3000121
132010
1031020
301210
1021
110140
1130002
1302100
1030210
304
11002
2012020
2041
1300030
30310
1020301
2000014
1130110
40012
3103000
2010010
1020211
2102110
41101
2010310
3220
120010
12211
1030030
1000300
2010130
1112002
1201201
20410
300202
1010320
3310
3040
1011013
1210
311110
232000
2002300
2003011
1041001
13021
401110
2010301
2000212
11203
2102002
1002103
211000
1101310
20221
2302
110041
1140001
101203
30112
3220000
3000031
110320
1000141
112102
110203
22021
1010041
1000222
100210
2031010
201112
1110400
421
11140
3310000
232
1202020
13
240001
1021201
4030000
3002110
204100
1101031
401101
2201101
11020
2030002
1001200
300040
14020
20212
2002003
4100101
2041000
3001120
313
1000321
1013101
1111000
10210
2200012
1042000
103102
21100
23020
1000024
240100
321010
2110021
100021
2311000
2020012
42010
11032
2011
2010202
3010012
412000
1410001
1002040
320011
2410
201310
2012110
3000310
1002100
1002013
1011031
1120030
1031002
2001103
200401
1302010
2022100
21301
1010104
3011011
3010030
1021030
2001310
2020
102400
31120
111100
113011
2301001
2100202
4201000
42001
2200102
1003021
201301
11041
3130000
1012000
213010
11200
3120010
22030
2130010
1121002
200221
3111001
3001300
10330
2001001
1202110
1300111
2010001
2112010
100213
100321
2020300
1210003
3201100
2200201
2001211
3111100
100003
140002
100114
1213000
3200011
1401010
1301110
3022000
1011001
1012
120211
110032
104002
200122
2221
2120110
10420
400
121003
102040
104101
322000
4001200
1032100
23101
241
1210000
2001010
1000411
13000
2001004
210301
1321
3110011
400111
1101202
200113
2122
101011
1310200
114100
1114000
1112020
221110
310030
2101210
2011201
21004
100033
120220
1110001
31102
20320
1003210
1014100
11311
1002400
3004
1103011
3010201
40
103210
