110110011
2000121
230100
111020001
12010200
320001000
30001110
10002120
4002000
101200110
1010211
111200100
10012101
132000000
100221
210001110
32000001
10310100
3200010
100400001
100030101
200130000
100011120
40000020
10301010
1001112
220001010
1200030
11201001
112000011
22002
1010010
210100110
211200000
300001011
300000120
112020000
22010100
120003
111000201
310002000
12000201
210100002
12200001
10001031
210030000
303
110201100
20002002
3020010
100003110
113010000
120100110
21012000
10111101
2001000
12201000
201102
100014000
11120010
2400
1103010
1012020
1100310
11011101
122001
40020
1001031
12010011
12000000
1320000
1021200
100101012
1120011
1200
41100000
101000301
120100002
101400000
111
13101000
10111200
100110
12102
312000000
302010000
300003
101111100
211000011
2012100
102300
110400
401010000
111000102
100004001
100210002
30102
11310
4011
300010101
110220000
101101002
1002120
104010
301010010
102003000
300100101
300001020
100111200
121000011
11110011
310000002
100101003
2300001
2021010
112100100
2000040
11021010
100031010
130100001
30010011
41000010
11110110
101202
201000000
110111010
203000001
200200011
211200
300200001
121011000
120100101
110000013
3210000
102110010
11102001
14100
10031100
110110101
101000211
100002102
1002021
311100000
112110000
12030000
22000002
21010101
2002200
1000131
310020
100003101
3012
211011
1000410
410001
300300
11021100
1041
10100121
212001
40200000
20121000
103001001
1011120
12110010
300100110
10130010
210210
100300101
210110001
202100010
3010200
2121000
102000120
2010201
120001110
21120
1010004
1001220
22101000
201002001
2202
11001030
1010040
200011011
220000110
23100000
30100200
201000012
11030100
10021020
300030000
100310100
101013000
21000003
10010103
1100022
401100000
100011300
102101100
10020210
202020000
102111000
111010110
102010101
104100000
1110300
210100011
10000311
10400100
10100202
2120010
302000001
20200101
20013000
400011
200121
310000020
102000102
310020000
40110000
20001000
2002110
200120010
11022000
1100004
300011001
30021000
30001101
202010010
1011102
1130001
1302
100001121
20001003
3102000
200201001
10120110
100000311
100300011
100000113
40002000
12300
40001001
220000200
10002000
20000211
201020001
202010001
310200
100000410
200112000
300000012
121000101
110011011
101202000
101200101
10400010
103000200
1011012
10310010
10110102
201100200
1020300
1004010
2101200
100020120
10010031
11130000
20020101
101210100
102010200
1021002
12000210
101100030
202101
200012001
100010004
3102
402
30101100
30000012
101001012
11000301
22000011
100203
100104
1111110
10000041
10101012
110002200
201111000
101101200
1022100
10410
110102001
1013001
130110000
13020000
12000003
4200000
101300001
2020020
1002111
100011012
310001100
20021001
100211010
2201001
40101000
400010010
20020002
110030001
210020001
10001121
1011003
110022
100301100
1020012
10201011
110002002
10001400
110000040
1003200
11101011
1101120
20100210
131000001
100000110
31000200
121101000
1220001
300000
100102002
100211001
31002
11000031
22100010
12011001
10010040
200020101
100002111
30020010
2210100
102002010
100010310
100001001
202011000
140000001
10001040
111110001
10000212
3020100
3110001
1011111
30000000
30210
1010301
32001
20010300
10030110
110001210
2000130
310002
100100100
200010021
121001010
420
112200000
201010011
10012110
11200011
21030
112011
132
100011102
100200000
200300100
110300100
210010110
100210020
100103001
201012
210003000
10200300
120002010
3010101
11000013
120210
10010121
230010000
211010100
2310000
200022
201201
20301
312
300000201
140001000
1011210
120021
201101010
2100003
40002
311100
1031010
2000103
101102001
1101210
11110101
100022100
31000002
10002003
210001011
20000013
20001201
200211
130000101
110100102
100020030
201110001
110200011
110000310
21011010
101200020
11101020
130200000
12012
110202
10110000
10121100
11000121
310001010
212010000
23000001
20010201
203100
100200102
210
10200021
300300000
11010021
10031001
1000320
20001
1020120
1101012
110021010
104000010
300201
11002011
10012011
13200000
1000200
230001
111201
2010
10210020
10000320
101000310
101000013
2001120
10113
13000110
2102010
11100210
220011000
100001112
20101020
2202000
11210010
310100100
401000100
300111
101220000
20000310
101002011
24000
2001
120030000
210012
22001010
110010003
410100
101010
30021
10103010
141
111030
121000002
20010030
3003
40000101
30001200
2001012
220000002
100011210
110003100
21110100
100220001
100110120
201011100
111101010
111100011
100201020
300100200
310010001
100200
110130000
200002011
110100300
100212000
40011000
10101201
12002100
1002012
301000101
211000020
1121001
21001200
211100100
110400000
100201110
23010000
22000020
10023000
101001210
201000021
201000111
20220
1211010
11100
120020001
132000
11300100
111002010
200100111
101010012
21011001
1000110
32000010
10300101
102020001
42000
12
10220001
100300020
30110100
410010000
100020300
11200110
1032
11001201
10200201
3000003
201010200
110210100
110020011
1300110
102000012
210100200
1110030
103010010
2001003
1004100
1000041
400020
220002
200000400
311000100
101010300
20012010
101000004
101022
200020200
21100110
320100000
204000000
300200010
20011110
11010000
101300010
100102020
130000110
10000410
201001011
110301
10200120
211000110
100230000
20020011
10000221
2022000
2101011
1010220
203000010
400100010
300001200
140000010
122000010
14010000
210200010
2100030
400101000
211001001
112101
102000021
200000130
201021000
41010000
30000021
101002200
102001020
10010013
310000200
1030110
12100020
11200200
121002
1102011
110011200
122100
100000212
11310000
120010020
30002010
11111010
2013000
220000020
31020
1100100
2010120
100000014
30012000
20002110
20000010
204000
1120002
200000022
111020010
10001301
20000301
1021110
32100
120201
300110010
201010002
3001011
201111
100010301
10020
310000011
21101010
310011
302001
401000010
10140000
101103
20400
10101210
10110201
20200200
210110100
111001110
100221000
110010111
2130000
103110
10100001
300210000
200001003
10011201
110001021
14100000
100003200
301100010
101121000
20110002
121010001
101003001
100200120
100211100
1002210
10011021
101021010
210010101
10000302
200202
11000001
111000030
110121000
2011020
103200
11301000
200100102
23001
2004
100000131
12001020
1020021
112001001
1010121
30010110
110101011
2030001
1103100
300010020
10101102
120001020
3010002
100100310
21201
210011001
110300001
30010200
102100020
11003100
11000010
1200012
2010012
200011020
300100020
200021100
100003020
300
10320000
2110002
10001022
30030000
11100030
11211000
100230
200130
100140
40110
300000102
200010120
220010001
110000211
21021000
1003101
131100
1102101
201110100
12010002
110040
120001011
12100110
100201011
30111000
1200003
3110010
103002
2210001
12010110
300002100
100112100
200010210
40020000
2201010
1040100
1112001
10220010
200000031
1201110
11031000
1110102
300000000
301000020
2000100
100201101
210201
10100010
1200210
410000001
100000011
102200001
100010121
102000111
100300002
200000100
10302000
1000014
240000
130110
301002000
21001002
2101110
201001101
101000121
110010
120012
2300010
2031000
10100040
110100021
1202100
300000021
112001010
20011200
1003020
1100001
400001010
3030
200000202
2301000
102111
100100013
10310001
210000003
302000100
200100000
100041000
100101030
42000000
31000110
110310000
220200000
10003200
111110010
12120000
110001201
1300011
4100001
23100
10041000
21000120
1201011
300210
20022
201
101200200
120210000
30100011
100121010
100013010
11301
103020000
300000111
21210000
31010001
1000203
40011
102
130001100
123000000
211110
21003
21001011
33000000
20202000
121100001
1300002
12002010
111100200
20040
10211010
100320000
1110201
1000101
330
200001102
100012020
10101
103000101
100040100
100000104
201100011
2002002
101000130
2100210
103001010
110000031
102011010
11200002
10000230
321000
212010
100010001
1320
10210110
211001010
30010101
210000210
4000101
1122000
1000122
100011003
203100000
100311000
200030001
120002001
230010
12001002
30000300
400000011
302001000
100111002
113000010
10200000
1020003
2002101
130000020
100200210
10000002
100120002
100302
111000021
200040000
120002100
3000012
21101001
20400000
30120000
1001400
31010100
12000030
10010100
1301010
1030101
120300
100202100
100100301
2220000
111000210
1100211
110120010
210201000
220001001
1012110
100110102
200022000
30000102
120110010
2021100
2102100
100041
13200
121020
301101000
1021020
1100013
11400000
10011120
102110100
2000010
11012001
300120000
100031100
30012
10110021
4001001
2021001
211020000
202001100
31200000
20000202
3200001
10121010
111001200
130011000
100111011
20301000
12100101
230000100
200000301
100000401
220100010
1020000
200210010
100010013
10202100
200001300
110000202
103100100
1111101
210030
200013
200000220
20000001
101001111
11201010
120010200
13101
100002021
13010001
13001001
1110111
200010012
11202000
10001211
1001100
11012100
20003010
310100001
13002000
20300010
21120000
10010211
201210000
11010012
100001211
3300
31011000
10410000
3000201
120000
140010
301011000
201100110
201010110
31001100
20002101
3002100
100301001
1400010
31110000
11002110
12020010
100010202
102102
101001000
111102000
200000010
22110000
110002110
10021200
100020021
11121
130101000
10311
10013001
121010010
110004000
11010003
101031000
2000202
11112
11000040
1101021
100012200
210021
30102000
10201110
121100010
10122000
21000102
210300000
100012110
2200200
100210110
11200101
20013
11003010
10020012
200211000
110021100
111010002
101001
300010002
300201000
200200101
100002300
100110300
100110030
130010001
1210011
221100000
1110012
11210001
11000211
104100
11020110
200102100
330000
10000113
111021000
10002210
100200012
13110
10011
203000100
101100201
1102200
203001000
202010100
200220000
10300200
3101010
30000111
303000
1000020
220200
22010001
104010000
200011101
40000200
10300110
210001200
30001020
100012101
21002100
100200030
11100000
110010000
10101300
100210101
11200020
300111000
12000300
41001000
200040
10120200
100000203
1104000
2031
102201
110040000
100010022
11020020
12201
1100010
20100120
1140000
200003010
202002
11000400
400000110
110110002
130200
200011200
102002001
111102
101100
400002000
120020100
30110001
21100011
3010110
3010011
1102110
140100
110201010
1001001
20031
210002010
210000021
1311000
101020002
3001200
1400100
1103001
200010300
11112000
22020
11031
20002020
100001010
10030200
2400000
101002002
102000201
21000
100010010
3300000
111000120
200110101
101300100
102101010
2010030
1002000
101000202
211101
201000003
10032
110310
101121
102010002
301011
122000001
100030110
200000040
31100010
20001012
201200010
102100002
13100100
103010100
101001201
1220100
100002201
1010130
11100300
10230000
10010202
3000300
210102000
300000210
110012100
30000120
20011101
3120000
1111011
200020020
1400001
100101102
110201001
200010
100000320
40001100
112011000
20031000
110101020
1300200
102101001
220010100
110130
112100010
2000001
14001
11001012
200021010
110101002
1014000
1102020
300110100
110001300
10011030
111020100
3110100
102000
11020200
200031000
100001013
10002030
10014000
101030001
3002001
100410
101120001
231000000
13001100
2020101
220011
200101011
100001310
310100010
100111110
112001100
30020100
10001310
111200001
3003000
200002020
100001040
1302000
201120
20211
11101002
401000001
100110201
10110120
22000101
111000003
110000301
201001002
101100210
11010120
10010001
100011030
21011100
120000102
120000012
210000012
10112100
1000401
203001
200310000
11002020
100010103
100011201
120120000
30010020
110101101
2200110
102011001
301000002
11020002
1120110
130002
200003100
213000
12003
111001011
210011100
200001000
102201000
3100002
101000010
100310001
101004
11011011
3000030
103000011
101310000
11100111
121000020
10101003
101000112
300012
201030000
100110003
21000300
20201010
110000220
1020111
2010102
100400100
220000101
2013
20101200
101010120
2110101
110031000
110100000
30000201
1030200
1000311
14000010
100122
103011000
200020002
110111100
103101
100100031
101112
11011020
230100000
101013
140001
12001011
20210001
1000140
1100400
1011021
10002021
2112
2000211
1000104
1112010
220101
101210001
4110
30110010
1020030
10100400
10010004
21111000
31002000
31100001
3100200
401100
410000100
12002001
201201000
201000210
40101
110001
300012000
210000111
200202000
30300
100020003
211100010
100002120
13000002
120000000
211010010
22011
111011001
10301001
10032000
302000010
200201010
1021011
10121001
301000200
103100010
2200011
200120001
10102020
10100220
300000003
10110111
102200010
1111020
1000221
410010
1120200
10002012
110100003
201101100
30101010
11040000
10111020
20101101
311001
13002
200004000
11001021
13110000
210200100
10200111
41000100
400110
20100201
311010000
120000111
100002000
12111
100001202
1012011
10001202
2100012
300011100
100111101
10002300
110011101
104001000
100100220
101130000
121100100
20011011
104000001
100210200
20030001
200001111
22002000
210002100
110110110
111010101
400100001
112110
101120010
101301
200110020
30201000
2120100
110211
100121001
100112001
201012000
22001100
210021000
102012
200120100
20200020
1211100
100100130
100040010
400001001
22200
100000023
200000013
111000111
110010102
123
141000000
100004010
20110020
21020100
101101011
1100202
400001100
311000001
10221000
20102010
1022001
41100
10110003
101001003
13020
113100000
100000041
101021100
1200000
1003110
1010112
12000102
200000103
112000101
11002101
111110100
2011002
1210200
1001004
400200000
200110011
113001000
101000001
100100010
111200010
100101
100212
100101300
1013010
120
20112
120021000
4000110
202100100
101001030
10100310
13010010
10020120
210000030
10203000
130100010
20020020
120000210
210300
12010020
100030200
100220010
300120
110000001
202000101
110030100
210020100
202200000
200000001
21100002
2010111
1010103
101102010
100320
11102010
301010100
21001101
100020210
131001
103002000
30200100
2001111
100001031
10012020
2100201
221000100
131000100
20001300
12100002
1023
1014
12020001
10202001
111030000
10102110
102010011
1012200
100040001
103110000
10002111
10010400
20011020
101030010
1011300
10320
112002
20010003
12200100
11012010
10010112
11100120
100102110
10311000
21100101
101201010
1030002
1203
101112000
31000011
110020110
20121
10201101
310101000
102100110
2200101
211020
11002200
10010220
212100000
2001210
100100004
100012011
20211000
31020000
10020030
110010120
400100100
1001121
1130010
120101001
140010000
20120100
10011111
20010210
101010021
100020111
21100020
4000020
3002010
100220100
1401
100112010
11201100
30100002
120111000
300101001
120201000
120100020
2002011
10100100
21000201
220110000
101011011
1310100
13000011
20030010
101020101
101011200
210003
1110021
100110021
103000020
10020201
221010000
100000101
10010130
1301100
101012100
221010
11210100
420000000
2102001
11002002
100010211
10300020
101011101
311000010
110001000
320001
21021
110010012
101110101
40100001
1030011
2000310
1001013
10103001
120102000
101100300
12210
20021010
10000020
20310
10210200
4110000
100401000
201000201
20004
300000300
400101
4101
33
131000010
40100010
310110
11003001
1100130
12020100
101110011
400200
200400
10100004
20010012
20100003
300021000
110110200
21101100
103011
200112
1110120
21020010
402000000
1140
20101110
312000
111002001
11100201
200300010
10000200
30120
110100201
12200010
210200001
10401000
10000131
2112000
100022001
11022
120300000
2030100
21210
10102200
400020000
22000110
110200101
20000121
130011
10200
202001010
120010110
30000210
4020000
10010301
1001202
110101110
100001100
140000100
212000001
30210000
210110010
3100011
21012
400010100
101100000
40000002
20021100
2110110
111001002
300011010
101100003
101100111
202011
200004
1122
101100120
30
21001110
11100012
12000021
10021002
100301010
20001111
1210101
2100021
300001101
200220
121200
4200
10001001
10112001
10110012
101111010
110103000
122010000
10004100
102010110
1111002
12101100
10130100
200200002
10001004
11220000
101003100
2011011
10120020
110000103
210001002
20002011
10001112
1003002
100100121
100010031
10014
112000002
22011000
130101
1020210
101120100
120200010
20110200
20101002
10000101
101010210
10203
120102
200012010
110010021
10010010
201003000
300002001
101110020
100000221
1010400
1120020
2130
131010000
130010010
300102
11001300
11000220
121020000
100011111
10020000
21102000
3012000
1100040
100111020
402000
120111
100131
1020
1201101
2000031
100000122
11011002
400110000
20004000
10011003
310101
1200102
20020110
300010110
200101200
10030002
210011010
1131000
22100001
220020000
21000030
21010020
2011110
100120110
301100001
231000
100102011
20103
11001000
11101101
120120
112100001
110002101
12110100
40010010
100030020
400000002
30030
3000
112002000
212000100
110301000
120110100
320000001
120000120
102000210
110121
10020003
10003020
20001030
102021
20210100
300030
100200003
111000300
101110002
101000040
20102001
130002000
110011110
12110001
20012001
210020010
200002002
111100101
11110020
101111001
10140
200121000
131001000
12011100
10200003
20110101
12101001
100003002
200012100
3111
110100111
11013000
2111100
3010020
1310001
200200110
3120
401001
211000002
211000101
200001201
1011030
301020
11100003
100300110
30001011
110010201
101011002
220101000
121200000
10221
4020
111002100
213
101021001
100113000
10000140
11220
1201200
11010210
111100002
1110000
3021000
2000013
103101000
110011020
2111010
1120101
113001
1301001
10110300
100200021
100101000
110001102
20001021
202100001
2020200
210111
102030
102300000
2040000
3011010
10100022
130001001
201010020
201100101
13010100
20000400
1112100
10100112
10004001
210120000
101010030
210101010
212001000
221000001
10000401
30011001
200100210
31110
201101001
10004010
11120100
4101000
2010300
100100112
110120001
10122
2301
210010002
30100020
3011001
41010
11202
21001020
100000230
201002010
320010
10200012
1200021
101040000
211000200
411
220100100
10113000
10111110
1001040
101001021
200400000
10210011
1201002
100002
21000210
210010020
211002000
20111100
20022000
1401000
10110210
200003001
40000110
210012000
21010110
110100120
100011000
102000003
210010011
120000201
10000032
110012010
1041000
200310
213000000
240
10400001
11120001
12120
321
4000011
100000200
200000121
100002210
120030
11000100
131100000
3100101
100110012
1410
101010201
103020
310000110
221000010
10301100
120101100
10300011
110013000
4000002
201200100
301001100
101011020
202200
1102002
1032000
113000100
10031010
10000104
1111200
1101000
100001022
10013010
103000110
300001110
300002010
301100100
20000004
2101101
31001001
310110000
4010100
10002
10101021
10011012
130000011
13001010
20003001
30002001
20011002
102102000
100011
12012000
112101000
10010310
12010101
10104000
12030
10201200
32000100
200001030
101200011
100001301
113010
10200210
11010111
300020010
100000140
112000110
110200200
20030100
20001120
100110210
200111100
1104
1020201
100020102
100030002
210102
112200
110031
100410000
200000310
2003001
101103000
31101000
20100300
210000120
20000031
20001102
2003100
1000113
3111000
202101000
141000
10212
202000200
211100001
10001100
3101100
102003
201021
100300200
20010120
3100110
10103100
200301000
31100100
4011000
101012010
101101101
10210002
20220000
111300000
400010001
222
220100001
20000130
110010210
101201100
103200000
1100121
110020002
10101000
101020200
2001030
1000302
10120011
2040
30011100
1020102
101101110
102010020
420000
12000120
100010130
30111
11111100
20003100
2030010
201001200
301110000
300010011
11103
200210001
40010001
21000012
411000
200011002
21110001
1121010
10022010
210000000
103000002
100020000
100101111
110200110
2110020
100120020
3021
120000300
11000202
1022010
10102011
201011010
21030000
111010200
102001002
3011100
123000
21300
1100031
110210010
21000021
210010200
211010001
2001201
100103100
20100102
1410000
102000300
12111000
10011300
101001300
1131
310011000
301010001
131010
100120011
110100030
33000
100140000
201102000
20100030
110003010
102012000
12100200
120000030
302100
111210
23010
101000031
111010020
101200002
2020002
2000112
300000030
101001102
100200201
10000110
122001000
30200001
210001101
111101001
103001100
100021200
20201100
10101030
130020
202110
300100002
202000110
21200010
12011010
230000010
2001021
10220100
200030010
1221000
100210011
20100
100001004
110220
11100021
110100012
201100002
121001001
100002003
10000011
1002030
3000021
201000
204
42
200010030
320000100
400000101
30020001
1200111
100021101
100002012
101012001
330000000
101100102
30000
101011110
130100100
102020010
2111001
1011201
113100
300102000
1010202
100100022
201110010
120010101
11010030
21010011
0
20010
202000011
12300000
110011002
101310
3201
110112
210000300
100001130
110102010
1001130
14000001
210120
11100102
11010102
202000020
111300
200110110
101010111
120020010
10030011
20010111
2101002
203010000
1040010
21
211002
10040010
100004100
2020110
3001020
10100031
10101120
1211001
100131000
10020111
110001003
110112000
22101
11021001
200010102
100302000
23000100
121000200
2100300
2200002
2000004
100100400
3001110
22001001
200100201
21000111
22200000
100022010
10100103
200013000
3201000
3210
112010100
1010100
1031001
300020001
40010100
120100011
102001101
4100100
1100220
221001
12001200
200101101
101010003
120101010
311010
10201002
101201001
121110000
21100200
1202010
220002000
120011010
110000121
2110011
200031
21200001
110202000
100203000
3
200001021
210001020
10003011
20001210
2000301
220000011
100100103
100021011
31011
103010001
1031100
12102000
13100010
11013
2200020
120012000
1203000
10023
11000103
1010031
11004
302100000
2012010
2010210
202020
100000302
100010100
201002100
1001103
1210110
10131
110004
11111001
200111010
100110111
2000022
12001101
111003000
200111001
1221
102110001
30201
10012002
1200120
200030100
13000020
30011010
20012100
10001010
3001002
101400
10302
3030000
11030010
11000004
10011210
300001002
12000111
20200011
110010030
210000201
2004000
221100
11001111
301200000
10040001
102000000
111100110
40001010
210000
12000
11020011
130000200
20000103
100020012
1101
1010001
2120001
201300000
200010003
200001210
13011000
210002001
110000130
22110
111021
320000010
1300020
101301000
1230000
101020020
100103010
200100120
10120101
1220010
23001000
200101020
200000004
101000220
200103
100100202
200001
11004000
300010200
2100
102000030
200201100
200010111
102120000
201020100
110000010
120000021
230000001
400002
140100000
200102001
100011021
2012001
300003000
210100101
30200010
10020300
3101001
11300001
2310
10210101
200000112
12021
102100200
100130010
100202001
21200100
12000012
411000000
110000400
21010200
2002020
3000102
1011000
41001
104001
10013100
110012001
21003000
10120002
11010201
102210000
14000100
1101300
100021110
220020
10030101
1101030
100020
20210010
2100102
410100000
301000110
300100011
12001110
41000001
201000120
21102
1010013
30300000
120001002
10001013
102120
11040
1021101
200010201
210101001
201200001
1212000
1000011
200100021
21110010
102200100
100101210
11001102
20010102
200002110
110001120
1023000
1003011
101040
240000000
101101020
1210002
100031001
22100100
10100211
120001101
10110030
201020010
2110200
1001211
10100301
11011200
22010010
200200020
13000200
100102200
1010310
200100300
12003000
110030010
120010002
10021110
110000004
1300101
100013001
100000020
101100012
11010
200101110
101110200
211001100
103100001
101000022
2001102
102210
220001100
100000002
20000022
2010000
100020201
10021101
10002102
300020100
122000100
121000110
20101011
200100
21111
121011
11001210
100013100
1201020
101030100
301001001
100401
2121
10010022
221001000
114
1110
10003101
1000032
101220
222000000
101002110
11000130
2010021
1002201
200001012
120010011
10212000
2000400
302010
20202
1002102
211110000
101020110
100311
320010000
104000100
100120200
1001022
3000111
410000010
22020000
1040001
1110210
2100120
30000030
100001103
201010101
1001310
40200
10021011
10020102
100200111
202110000
10000203
40100100
10001220
121110
21020001
21002001
202002000
121010100
110020200
110020020
220010010
100130100
220110
101211
102011100
1100301
111012
10211001
20100021
11030001
20310000
30100110
2000220
203010
100023
200021001
111100020
200102010
111011010
1002
1012101
1113000
21300000
10131000
201000102
100012002
300110001
110300010
20000100
101020011
100102101
101130
10130001
1004001
110211000
300101100
110003001
2300100
303000000
1113
121001100
20002200
11000112
310200000
200011110
40000011
310001001
120011001
2101020
101001120
10230
30000003
2022
1013100
101000103
4010010
10002201
1002003
10000023
31101
121101
1202001
30100101
112000200
120200100
20000040
202001001
100010040
20010021
200002200
114000000
101010000
20300001
100201200
30003000
20010000
110001111
10011102
2100000
102021000
231
1100103
301110
22000200
4001100
11300010
1130100
100010112
111001020
200001120
2103
21000000
11103000
100010400
23000010
20040000
120001200
1200300
3020001
100023000
10110
2211
101100021
100113
20100111
201030
10401
114000
14001000
100032
11001003
111000000
20020200
2001300
101003010
2011101
2210010
400000020
31001010
100120101
100101120
111101100
31000101
110020101
30002100
10112010
101022000
3000120
20100012
111000
4002
10100130
20200002
32001000
120100200
11010300
110110020
4001010
1010022
101211000
10040100
212100
100100040
401001000
10001103
102002100
120011100
111120000
110010300
3100020
100014
200210100
100122000
10000014
20102100
100010220
201000300
200000211
11101110
100121100
110102100
11001120
310000101
210000102
10012200
201011001
1212
1100112
200002101
200300001
300101010
100000032
10211100
110000022
400000200
10030020
1101201
110021001
400011000
110200020
20112000
2103000
101002101
211011000
4010001
200100012
20120010
31000020
100001400
112000020
20130000
111012000
1000230
10104
101031
200020110
200101002
11110002
1002300
201001020
101000400
20130
10100013
111003
301020000
30003
100104000
110111001
120003000
1110003
100001220
10003002
110101200
10022100
1000002
101102100
200103000
100130001
31010010
2003010
12100011
1101111
10020021
321000000
3200100
401010
200301
10041
130001010
100002030
110002020
200010000
201003
1011
301000011
2010003
2011200
320100
31200
20000220
1001301
122010
100110000
30101001
2020011
1001010
32010
200110002
100003011
24000000
10001130
20110110
2201100
102001011
301200
200100003
20120001
112010001
11211
32100000
110002011
100100211
1310010
101210010
11101200
1121100
20111001
11020101
1012002
20201001
111210000
101002020
301002
100101021
11000022
100032000
311001000
201100020
3000210
1000212
130010100
200100030
100030011
12210000
20200110
11011110
10102101
310010100
201000030
212000010
20103000
11110200
1311
210111000
20000112
2211000
102100101
100400010
11000310
121002000
20110011
12101010
201300
100100001
10022001
111201000
201120000
20100000
110001030
30001002
10111002
10000122
1101003
301001010
100021020
13011
111120
100200300
11130
111111000
10200030
2100111
13100001
110100210
130020000
12021000
120110001
102020100
102001200
100101201
112010010
210100020
20300100
10300002
20111010
110000112
111010011
111001101
110013
113000001
201001110
211101000
101110110
10111011
1210020
14010
230001000
222000
110022000
110120100
102030000
30010002
21201000
300200100
122100000
11121000
301101
200020011
101004000
1000023
1230
13000101
210210000
111011100
210101100
102100011
1030020
110103
1101102
202000002
130000002
200200200
200110200
111111
110200002
10011000
101000100
120000003
24
111000012
100310010
100202010
100021002
21002010
10003110
32010000
101010102
201210
112020
10102002
11001
11400
120200001
110000100
21010002
110001012
110100
10201020
2220
3001101
11102100
110210001
10200102
1200201
310010010
3000000
102001110
10101111
4000200
4100010
100201002
300021
410001000
10202010
